3
6
5
5
-0.1743255
-0.2203899
-0.058366418
-0.21987605
-0.2507846
-0.1888016
-0.13981062
-0.115317844
-0.13244307
0.10905574
-0.23369098
-0.2623499
-0.09417517
0.004171282
-0.057483934
-0.23607154
-0.122613154
-0.049691793
-0.03463444
-0.19317381
-0.04487354
-0.09280523
-0.07721681
0.059891574
-0.038733244
0.28249383
0.1849122
-0.017592043
-0.08943774
-0.2446038
0.16476679
0.18962649
0.09602927
-0.09690223
-0.18626674
0.13430707
0.103862725
0.21573271
-0.0946412
-0.12198756
0.27618858
0.30900335
0.171568
0.050835863
-0.11702426
0.104226
0.15763354
0.27875578
-0.122871555
-0.075504325
0.38476416
0.43147716
0.5905416
0.32035238
0.16868319
0.33061126
0.49680668
0.5840794
0.6418266
0.29791233
0.46229532
0.54791164
0.6113896
0.56262785
0.40182847
0.41271317
0.5138882
0.45482716
0.48048094
0.1788256
0.056683976
0.367773
0.44713655
0.31816196
0.26911703
-0.17520684
0.06607105
0.18140963
0.22001395
-0.10984775
-0.11288667
0.32710332
0.61686337
0.2722003
0.06592235
-0.15801346
0.18476483
0.3946509
0.39879522
0.27431187
-0.22155668
0.055381384
0.3470685
0.4235493
0.010879941
-0.4277937
-0.29439548
0.034838006
-0.05572804
-0.121399395
-0.2461993
-0.170308
-0.040283706
0.12904753
-0.14176498
-0.32967702
-0.1363968
0.007906388
-0.081394725
-0.07615494
-0.1649078
-0.17072572
-0.046718985
0.0737399
-0.17743528
-0.33209124
-0.20244084
-0.16045001
-0.07341813
-0.16559692
-0.3472569
-0.24395308
-0.05605695
-0.17467344
-0.2347618
0.5458794
0.83035344
0.76808316
0.4884532
0.1570956
0.81090355
0.7354868
0.71061665
0.4089858
0.076523945
0.5682039
1.0134935
0.9108924
0.5183248
0.25613955
0.7379691
0.9157412
0.781747
0.3471955
0.10118506
0.5052022
0.53251284
0.6305653
0.45636702
0.12833102
0.14285807
-0.010245894
0.10825237
0.0018013665
0.06268853
0.03421693
0.072104655
-0.04377393
-0.14918225
-0.086863935
0.12277172
-0.028508747
-0.080506034
-0.14302915
-0.074372545
0.028546268
0.045157988
-0.13607961
-0.22809196
-0.054534752
-0.13676311
-0.10643407
-0.12699816
-0.1747758
-0.09054008
0.48982522
0.36112526
0.0871454
-0.16493839
-0.26715028
0.45683086
0.4585551
0.23638886
-0.010201942
-0.47385362
0.51219404
0.2364044
0.16711022
-0.06039037
-0.41307303
0.442732
0.18149494
0.010200717
0.088603
-0.17766166
0.22006273
0.36712813
0.0025368303
-0.06768069
-0.2859124
0.52027243
0.67912614
0.6679747
0.84576
0.48019028
0.69725925
0.8941614
0.800402
0.77541035
0.714313
0.4954884
0.8271071
0.8752153
0.92156214
0.481003
0.44893408
0.7014221
0.70423627
0.7166012
0.6371011
0.19144844
0.53457016
0.44884792
0.5686966
0.46138954
0.27849624
0.6160512
1.1742467
0.90254056
0.6760673
0.41605064
0.94308454
1.2016858
1.3308574
0.976304
0.5382667
0.7656798
1.1531475
1.3314645
1.1159558
0.26636285
0.661611
1.1330979
1.2203972
0.8737098
-0.02646543
0.45633724
0.62647945
0.8321017
0.56012654
0.14369619
0.35682124
0.38125408
0.37992582
0.20896979
0.2364978
0.26873478
0.27667946
0.3705285
0.23908016
0.13747878
0.06894072
0.51140684
0.35760945
0.23209685
0.029735783
0.2404366
0.05549804
0.11649093
-0.023484273
-0.076830596
-0.041246954
0.21908334
0.1401744
0.094989344
0.6688853
0.7440023
0.80822134
0.31646767
-0.04275829
0.6549763
0.99996096
0.9519111
0.44885102
0.06929858
0.74014765
1.0251219
0.95490897
0.5844921
0.22144158
0.63039887
0.85553944
0.7237986
0.41179463
0.20221378
0.4787599
0.7096917
0.44483384
0.4713308
-0.030526368
0.38988635
0.37140808
0.49572855
0.37755013
0.25091627
0.43841785
0.40456048
0.2257349
0.24380419
0.35093334
0.43718103
0.35977727
0.33772954
0.2227388
0.22950734
0.16862908
0.36483407
0.24472336
0.34930438
0.1370332
0.32945403
0.42895463
0.29621634
0.24721533
0.39107862
0.53300947
0.6425686
0.2374917
-0.027975395
-0.048110414
0.6858727
0.5319738
0.5092879
0.18611391
-0.100775465
0.6702531
0.54974943
0.33884168
0.07801719
0.009149101
0.63742995
0.5960692
0.2976878
0.25794646
-0.06753928
0.42125598
0.6461428
0.37316433
0.120170176
0.11767638
0.17942376
0.36983436
0.40414557
0.3583564
0.15198942
0.10436943
0.2778243
0.4312784
0.42975634
0.18351862
0.0668227
0.3275649
0.48623675
0.49762464
0.14147127
0.021156756
0.17229082
0.37686956
0.2207742
0.10020173
-0.08910644
0.12588426
0.24997245
0.027252603
0.1135567
0.18944654
0.6753122
0.8552172
0.857686
0.7050758
0.3793504
0.71935296
1.2487262
1.0803425
0.7762421
0.36530587
0.85745186
1.0890974
1.0109301
0.8842338
0.40690333
0.75884795
0.9353896
1.0515729
0.67395633
-0.0051014237
0.43110296
0.6248784
0.54414374
0.4584084
0.4736898
0.58722764
0.42809018
0.5105727
0.42238444
0.4636922
0.57371736
0.61003345
0.53842443
0.38401783
0.11767638
0.41574416
0.52255493
0.39909407
0.3423904
0.17286547
0.41027576
0.46035013
0.28347296
0.44864738
0.026323942
0.2212922
0.36642873
0.37789837
0.2847346
0.26345575
0.3458269
0.31363082
0.056491133
-0.07814831
0.44802797
0.45569113
0.43823764
0.1595205
-0.10187636
0.3163698
0.60472816
0.48445916
0.10809746
-0.09789027
0.35355154
0.4269779
0.2841363
0.13982223
-0.22066833
0.1763772
0.23342517
0.18787609
-0.0021117534
-0.16813496
