60
15
0.12717095
-0.037300516
-4.7147572e-05
0.06581675
-0.037339646
-4.5237255e-05
-0.03183438
-0.03595428
0.0046387003
-4.543957e-05
0.019064639
0.023262227
-4.7589157e-05
-0.04173901
0.0138401175
-0.0031416123
0.001639249
6.0485418e-06
-0.0039728615
-0.009492081
3.3673841e-06
-0.0034341044
0.035105366
-0.0131198615
3.5959474e-06
0.0012038567
-0.004860522
7.032486e-06
-0.0020308848
0.0069378195
-0.025702614
-0.007712653
-6.174009e-06
-0.0075456495
0.013600908
-7.5822354e-06
-0.010672603
-0.04234865
-0.033369604
-7.4680875e-06
-0.03935503
0.1056292
-5.629084e-06
-0.014891577
0.07145058
-0.003353804
-0.020956267
1.5445627e-05
-0.00844463
-0.0025077292
1.9381932e-05
-0.047678195
0.11753293
-0.0061209914
1.9052863e-05
-0.011874147
-0.010780598
1.3984827e-05
-0.0061922306
0.009694557
0.011098925
-0.048540622
1.0526039e-05
0.12681553
-0.0183443
1.07669e-05
-0.012783999
-0.009280688
-0.0034506584
1.0752264e-05
0.13187121
-0.003189275
1.0424046e-05
-0.023896882
-0.0034689435
-0.08834338
0.00023582477
9.905409e-06
-0.0033640214
-0.008529614
1.3449593e-05
-0.023521861
-0.0049556363
0.022495639
1.3150423e-05
0.046436083
-0.025549173
8.584635e-06
0.088563636
-0.0031715094
0.056762546
0.07382165
-6.547324e-05
0.046282504
0.049992394
-7.0247464e-05
0.09804679
0.144996
-0.08637178
-6.9857044e-05
-0.06700235
-0.08557919
-6.3614374e-05
-0.08573696
-0.06188477
0.04780106
-0.033883218
2.03916e-06
0.047676027
-0.034511205
2.1927203e-06
0.11001701
-0.028971562
0.016104545
2.174448e-06
0.06912281
-0.04147351
2.0166294e-06
0.07668064
-0.048509166
0.051537342
-0.042932764
3.1820937e-06
0.011447678
0.054860532
3.290898e-06
-0.018195217
0.0022587187
-0.048938118
3.2890016e-06
-0.010656888
0.032538805
3.090724e-06
-0.008695497
-0.023460079
0.022927094
0.006381379
-4.375958e-06
0.020910852
0.047129076
-3.5817807e-06
-0.028267916
-0.02076151
0.12116214
-3.6504134e-06
0.031775896
0.038287606
-4.655467e-06
-0.020006433
-0.037149712
0.012746109
0.017940179
7.0844426e-06
-0.0015826169
-0.011143012
4.4011495e-06
0.037917696
0.0011494918
-0.015339875
4.6347495e-06
-0.010496225
-0.0053239064
8.028498e-06
0.021430675
-0.008036467
-0.0017391398
0.122553736
-5.4110787e-06
0.01798501
-0.028889108
-7.810421e-06
-0.0212032
-0.020919023
0.08011435
-7.603243e-06
0.009710493
-0.032276068
-4.5458937e-06
-0.031495344
-0.045918103
5.6914365e-33
5.2964543e-33
-1.09344284e-10
-5.725028e-33
5.1645006e-33
-2.572764e-12
4.5748003e-33
-4.2991116e-33
5.2203326e-33
1.53563e-14
5.492826e-33
5.4523976e-33
2.2392385e-08
4.9375637e-33
-4.156781e-33
0.042709842
-0.078657284
-4.1226733e-05
-0.045713898
0.0156122185
-4.56419e-05
-0.028126786
0.028016422
0.046190504
-4.5294473e-05
0.036572777
0.07402332
-3.941416e-05
0.0063833497
0.006031202
0.05111042
0.08096109
1.911755e-05
-0.029656468
-0.03457148
1.8453371e-05
0.014660751
0.024550317
0.08568917
1.8523697e-05
-0.055115454
-0.038109448
1.9263007e-05
0.019357268
-0.013557453
-0.050134424
-0.077729285
8.018457e-06
0.11690119
-0.010427454
7.732762e-06
-0.017643224
-0.006968934
-0.026450332
7.753613e-06
0.12776494
-0.00066083606
8.149502e-06
-0.024062047
-0.028329832
0.053419318
-0.019778548
-6.0861146e-07
0.047473904
0.09083245
-1.3214976e-06
-0.058418926
-0.032629322
-0.0034155801
-1.2682659e-06
0.06722689
0.08872751
-3.1660852e-07
-0.027105696
-0.04915649
-0.0004993393
0.0006824145
7.8022185e-06
0.0005821271
-0.0012787543
8.181037e-06
0.0017393541
0.0005715145
0.0018701879
8.155994e-06
-0.0053019733
0.0010540817
7.6189594e-06
0.0006131045
0.004436949
-0.025015315
0.05145465
-3.4572757e-05
-0.001909358
0.020027872
-3.665696e-05
-0.0039004195
-0.007117433
0.06750141
-3.652818e-05
0.002122197
-0.022087432
-3.3497043e-05
-0.01578293
-0.022992369
4.9945914e-33
4.4517426e-33
-2.1661176e-16
-4.535963e-33
4.4686734e-33
4.170467e-07
-4.1239376e-33
3.994014e-33
-4.7409807e-33
2.4990494e-14
4.444245e-33
4.1715036e-33
4.6409692e-33
-1.2012152e-35
-3.9201157e-33
0.031102514
0.043017354
-5.271766e-06
0.028577635
0.03754674
-6.368322e-06
0.08196091
-0.043125525
0.0012992328
-6.274978e-06
-0.03627874
0.045856606
-4.871765e-06
0.02329235
-0.025977392
-0.054458477
0.039959766
-2.1581473e-05
-0.022640292
0.13730678
-2.5822512e-05
-0.032102443
-0.024664378
-0.05443941
-2.5495767e-05
-0.06565457
0.12355438
-1.9805184e-05
-0.033125967
-0.028158963
3.9307172e-33
3.4249596e-33
6.418399e-33
3.875132e-33
3.03754e-33
-1.7074055e-33
3.1483993e-33
-2.6362051e-33
-3.5930836e-33
1.5872465e-33
3.735894e-33
3.1235416e-33
1.3112052e-33
-3.1933193e-33
2.4085358e-33
0.029462853
-0.010433049
-1.10232195e-05
-0.0067498093
-0.030667882
-1.0160782e-05
-0.06599375
-0.05543928
0.014011195
-1.02379645e-05
0.025805462
0.034616344
-1.1309508e-05
0.08539497
0.06820503
0.0013414151
0.00093352876
3.4949812e-07
0.0034913882
-0.0010563601
3.0425934e-07
0.003164735
-0.0013073486
-0.0013832593
3.0923155e-07
-0.0010368502
-0.0005133535
3.599049e-07
0.0009462776
-0.00069729704
-0.05625764
0.0153403925
-1.3315427e-05
-0.019032195
-0.031454254
-1.2702628e-05
0.15541282
-0.023488102
0.0028765602
-1.2768487e-05
-0.020519085
-0.010687597
-1.3463333e-05
0.031349845
-0.013921098
-0.03201473
0.016739586
3.7167752e-07
-0.014641367
-0.034184676
-3.9845054e-07
-0.0013273901
0.00010661049
-0.01883387
-3.3087167e-07
0.06430494
0.0166953
6.366131e-07
0.0063918624
-0.002056569
-0.01758212
0.007918859
1.1590426e-05
-0.024763728
-0.03694262
8.014549e-06
0.0606905
0.023870202
-0.023085328
8.339794e-06
-0.036665544
-0.00090663723
1.2778264e-05
0.14076295
-0.05826877
-0.00030228807
-2.4143948e-05
-1.0112464e-07
0.00017952711
-9.417702e-05
-1.00470245e-07
0.00017978798
-5.155174e-06
-0.00024864322
-1.0052085e-07
-0.00054050854
-0.00039602525
-1.0116106e-07
0.00041999642
0.00012355599
4.4397437e-33
-4.2413934e-33
-2.7782927e-33
4.184986e-33
-4.097141e-33
-1.2450601e-33
4.0180913e-33
2.3022024e-33
-4.1831024e-33
-5.6408212e-33
-3.796869e-33
3.7707405e-33
1.1477789e-12
-3.601223e-33
2.7346763e-33
0.009734813
-0.07218699
1.6534294e-05
-0.026338674
0.011489136
1.8674613e-05
0.06072633
-0.022061039
-0.03732473
1.849634e-05
0.0026226502
-0.0056536193
1.5723084e-05
0.12494961
-0.03284689
-0.0023824086
0.14576429
-3.7429718e-06
-0.039428145
-0.00045003038
-4.7498725e-06
-0.04792976
-0.024895394
0.1538017
-4.6627742e-06
-0.027298262
-0.034364145
-3.384565e-06
-0.045017507
-0.0379104
0.045018297
0.0023818247
9.5809155e-06
-0.035423856
-0.03405113
1.11733925e-05
0.14151001
-0.025409108
0.0124053685
1.1046754e-05
0.0053595575
-0.027520515
8.9435425e-06
0.0942394
-0.02673787
0.0004569234
-0.009046163
-2.7466094e-06
-0.004150433
-0.0041929195
-2.4447559e-06
0.023953054
1.532722e-05
-0.0052952557
-2.4724552e-06
-0.00049955735
0.0015548175
-2.844527e-06
0.015326977
-0.00095206464
0.107924454
0.066794455
3.0538822e-06
-0.010770845
-0.024483994
3.1594268e-06
-0.011820921
-0.022012811
0.10020594
3.1379104e-06
-0.022254262
-0.0035978998
3.1007748e-06
-0.0348416
-0.047866743
0.015873097
-0.007790986
-1.5781407e-05
-0.004217302
-0.00916073
-1.5771115e-05
-0.018756004
-0.07569134
0.011417636
-1.5790636e-05
-0.039135464
-0.024336632
-1.566225e-05
-0.0039602583
0.16617385
0.09915742
0.06719626
-4.1991232e-05
0.046356104
0.049383663
-4.295631e-05
-0.11345042
-0.037007894
0.07495795
-4.2886746e-05
0.045419276
0.092056796
-4.1550265e-05
-0.14376312
-0.071555324
0.09457377
-0.00012321024
5.20904e-08
0.0017669162
-0.010213022
-3.995783e-07
-0.0014039649
-0.017393036
-0.03046032
-3.60586e-07
0.022551695
-0.0077188727
2.1587539e-07
-0.008490816
-0.007014201
-0.00030408925
-0.0010447048
3.5724753e-08
-0.000110987494
0.0001948427
-1.3233193e-07
0.0005599578
0.00023573491
-0.00019090425
-1.1928476e-07
0.0005716232
0.0004955848
9.694696e-08
0.00019710748
0.00064670836
0.017881807
0.0048265727
4.1185604e-07
-0.007620157
0.0029705216
2.902689e-07
-0.012758743
-0.0036279634
-0.001655536
3.0136528e-07
0.06851251
0.023911392
4.536732e-07
-0.009858913
0.0004624138
0.078988954
-0.17630665
-3.548998e-05
-0.0103998
-0.03311171
-3.5226534e-05
-0.07004525
-0.0441873
0.06791366
-3.5253677e-05
0.071303725
0.03928708
-3.5554604e-05
0.04966987
0.055724476
0.0012087155
-0.0013796843
5.766786e-08
0.0030595225
-0.0005758176
5.073317e-08
0.0012706545
-0.00012939547
-0.003198434
5.1969682e-08
-0.005021614
0.002037666
5.7146895e-08
-0.00035414603
-0.000265086
-0.003026399
-0.008567826
-6.372005e-06
0.0016217424
-0.001946674
-6.145216e-06
0.005108355
-0.029022539
-0.0037699125
-6.1762166e-06
0.051883835
-0.03324054
-6.3754087e-06
-0.024317207
0.05367695
0.027631434
0.01439588
-1.3375639e-05
0.030534014
0.007014706
-1.3574824e-05
-0.031290103
0.027789813
0.020824093
-1.3576741e-05
0.029514158
0.024744269
-1.3181147e-05
-0.046196647
0.03359753
0.02347498
-0.01930962
5.5424935e-06
-0.010927841
0.043737497
6.9868784e-06
-0.0034239646
-0.030173007
0.032205097
6.854762e-06
-0.05099863
0.01480696
5.06968e-06
0.06369764
-0.034420054
0.046913195
-0.09696716
-3.4947298e-05
-0.09451796
-0.074589156
-3.485154e-05
-0.01610199
0.053264994
0.05516191
-3.485282e-05
0.029225776
0.03742178
-3.502982e-05
0.051312484
0.08802169
0.0717475
0.103082195
-5.241518e-06
0.071117654
-0.06494542
-6.607146e-06
0.06438927
-0.07853624
0.0416926
-6.4829464e-06
0.11046025
-0.054670695
-4.786406e-06
0.021243
-0.07498166
0.09546827
-0.02097629
2.4697304e-06
0.031106442
-0.025580814
2.5908469e-06
0.00019874213
-0.017867712
-0.057198662
2.5828801e-06
0.064688474
-0.015569985
2.4060669e-06
-0.0013833806
-0.018726077
-0.100278154
-0.054956324
1.0178605e-05
0.054971486
-0.024833778
1.076929e-05
0.046878144
0.047139883
-0.07988326
1.07304495e-05
0.06065347
-0.030405268
9.899573e-06
0.059860963
0.030372886
-0.04609997
-0.021236874
-2.7578782e-05
-0.01845904
-0.03604955
-3.0198991e-05
-0.03083945
0.14654918
-0.024815967
-2.9991232e-05
-0.031383645
-0.0367918
-2.6513244e-05
-0.046136223
0.17312688
-0.017816471
-0.06795429
-5.9488164e-05
-0.031820804
0.05115709
-6.782015e-05
-0.025331926
0.096422546
-0.0030854365
-6.714424e-05
-0.020302052
0.016670508
-5.621691e-05
0.0066816728
-0.016281921
-0.0020195707
0.047326382
1.0870236e-05
-0.07065052
0.049547702
8.086194e-06
0.035649844
0.06976307
-0.052206106
8.346189e-06
0.036240283
-0.040717445
1.1745209e-05
-0.047017984
-0.020278543
5.426801e-33
-4.836744e-33
3.909546e-06
5.5545315e-33
-3.1668718e-33
8.749173e-08
-4.536594e-33
1.0218846e-33
5.2150686e-33
-6.135635e-17
-5.1257927e-33
-4.738114e-33
9.454362e-08
5.2253185e-33
4.7163203e-33
-0.0029095043
-0.0029480346
4.5246946e-07
-0.008784428
-0.0038703573
4.3141767e-07
0.0029741116
-0.002949532
-0.0035830778
4.4228443e-07
0.0214684
0.0050225165
4.0856116e-07
-0.0014878229
-0.0009953746
-0.05486346
0.0577582
-7.67094e-06
0.0114126075
-0.025633333
-6.6127773e-06
0.04904242
-0.014699442
0.09474308
-6.710259e-06
-0.026969826
-0.02022196
-8.008434e-06
-0.0076193297
-0.041252732
0.12188681
-0.06330397
-2.9305738e-06
-0.004529373
0.009732045
-3.2167618e-06
0.02449136
-0.005836343
-0.07926687
-3.1925438e-06
-0.034969963
0.0046839844
-2.8247746e-06
0.008363328
0.009737818
-0.085030496
0.00517614
1.8836951e-07
-0.0047180695
-0.016321635
1.7066255e-07
0.046607267
-0.0016963106
-0.0018973573
1.7234653e-07
0.025476994
-0.0062313885
1.9359436e-07
0.04068741
-0.0018185463
0.06665148
0.06826083
-2.4442792e-05
0.09207728
-0.0038317826
-2.2441614e-05
-0.065255396
0.008587492
0.024632365
-2.2640508e-05
0.030539796
0.005811705
-2.4957999e-05
-0.04808374
-0.030989422
4.722865e-33
-4.5023763e-33
-1.7369105e-33
4.6499137e-33
4.914359e-33
-4.6787967e-33
3.2896272e-33
3.2234318e-33
4.427385e-33
-6.46717e-33
4.7460577e-33
5.007e-33
7.591294e-11
-4.0185784e-33
-3.7913443e-33
0.10631752
0.07603741
9.705744e-06
0.11125554
0.12095907
9.970852e-06
0.047672037
-0.05917869
-0.10256593
9.963735e-06
-0.0053381044
-0.023944862
9.504277e-06
-0.076333635
-0.045386977
