6
10
3
3
0.093169965
0.17802006
0.21707243
0.2866368
0.2011654
0.062073067
0.006039084
-0.036624108
-0.07383476
-0.08213481
-0.19665167
-0.05159283
0.0282609
-0.025439834
-0.12422745
-0.099086925
0.16028811
-0.008785693
0.5182399
0.4473656
0.39574996
0.31227994
0.28771532
0.37903067
0.03279059
0.1147067
0.1469825
0.08004323
0.33342436
0.20433709
0.20584303
0.31969264
0.32890588
0.23446907
0.1616616
0.22230838
-0.071854554
0.2972938
0.31293452
-0.017571544
0.3899925
0.4017222
0.2888197
0.44894198
0.36579102
0.34409592
-0.0126072895
-0.28585458
0.24435787
0.10327743
-0.09125281
0.35290328
0.25103572
0.07917688
0.004632623
0.3849732
0.2702312
0.03487273
0.26549467
0.04194907
-0.035663567
-0.0140654
-0.043262955
0.14157236
0.31328768
0.18907042
-0.12707512
0.029792575
-0.25408426
-0.2808313
-0.36161956
-0.3693731
0.146778
-0.102562845
-0.05852395
0.09009589
0.10697804
0.21922813
0.19783217
0.31827226
0.09648197
0.18546972
0.19522387
0.13948572
0.140418
0.17407191
0.09525968
0.18948777
0.028341843
0.23877679
0.47944152
0.46997112
0.33619198
0.3899541
0.47835806
0.36570194
0.28031185
0.058295146
0.15252529
0.0185551
-0.10467212
0.13830332
-0.04928808
0.05249693
0.00063614815
-0.028981073
-0.17541371
0.04892673
-0.22084454
-0.018227503
-0.25581324
-0.10303173
0.10678688
-0.01587224
-0.11432876
-0.10236398
0.061527282
0.13436371
0.49008426
0.29238063
0.2163845
0.38799068
0.2700914
0.38921037
0.3003319
0.20690858
-0.18788883
-0.043593947
0.08058524
-0.10879037
0.07828192
0.017937385
-0.07797466
0.121216804
0.10702209
-0.103488036
-0.08329214
-0.240221
0.22017893
0.0458846
-0.0281742
0.2083949
0.11151882
-0.10934119
-0.37635994
-0.06338295
-0.04756596
-0.32508326
0.012135687
-0.011894836
-0.2998165
-0.2632119
-0.3597615
0.32025087
0.57415104
0.57749075
0.15853232
0.38723746
0.18932381
-0.030304203
0.030505156
0.18710847
0.036976658
-0.22381294
-0.2832409
-0.16832983
-0.15734738
-0.14468883
0.2218962
0.046064284
-0.051158123
0.030707972
-0.2440011
-0.17019291
-0.23103803
-0.20893505
-0.1221181
-0.19123043
0.016025078
0.032007456
0.20646346
0.30877095
0.21686092
0.33644587
0.48627225
0.20705886
0.13020119
0.28390035
0.23827031
0.026996646
0.008188674
-0.04810484
-0.051442888
0.07335518
0.04451141
0.06647874
0.060807567
-0.1129466
0.15543428
0.17360517
0.25060594
0.22410525
0.2316599
0.25612566
0.11442531
0.085928015
0.2746144
-0.14989595
0.2778352
0.1636549
0.045686442
0.35044685
0.18692301
0.15538968
0.2175841
0.03630605
-0.32117075
-0.06442698
0.079543665
-0.23611629
0.12503698
0.30231833
-0.017006721
0.044917762
0.21102372
0.0011168561
-0.060879953
-0.24110241
0.14015257
-0.030512678
-0.3276584
0.25493288
0.23541598
0.12606917
-0.11387832
-0.008414473
0.12925012
0.065064944
0.25394642
0.10029904
-0.15455149
0.017664654
-0.08575361
0.1423774
0.41576293
0.41173232
0.10418989
0.09536595
0.038178988
-0.086193666
-0.19557738
-0.25247267
-0.083081044
-0.20109624
-0.26560995
-0.023059046
0.15407981
0.07360793
0.24207565
0.06805259
-0.08130219
-0.13096285
-0.10948937
0.20288153
-0.040187933
0.10071754
-0.15830001
-0.077361695
0.03756475
0.10744237
0.033286616
0.25720465
0.21828818
0.06951794
0.34567097
0.024165168
0.13041893
-0.15940543
-0.022352576
-0.024789803
0.002717327
0.16358949
-0.16770849
-0.13407373
-0.08267677
-0.06227914
-0.09794301
0.10687539
0.2854244
0.5686389
0.30653125
0.36796317
0.40079844
0.48352066
-0.011727363
0.17866507
0.17950171
-0.15278304
0.021453999
0.3488026
0.08042202
0.18236879
0.13158491
-0.05368188
0.15222187
0.24034163
-0.13854241
0.15625574
0.3829891
-0.19031459
0.08061546
0.44055715
0.19894354
0.37294978
0.35814613
0.10673259
0.027882548
-0.14583403
0.27180812
0.18497154
-0.022670811
0.2797449
0.3229346
0.17332189
-0.13528584
0.2150149
0.32957318
0.09614535
0.06521869
0.27819628
-0.04011615
0.19263922
0.09678402
-0.08155759
0.10761248
0.13357012
-0.1200137
-0.10825121
-0.22249639
-0.103278935
-0.24866313
-0.25001127
0.13972934
0.17487153
-0.01100916
0.13789733
0.037240822
-0.074178606
0.3102534
0.239293
0.20306717
0.34067142
0.19335301
0.102569126
0.17211685
0.19478215
0.006901902
0.10794535
0.13951637
0.15391819
-0.23370123
-0.40635926
-0.23594563
-0.31622764
-0.34681374
0.10567614
-0.2241471
-0.29609272
-0.14979646
0.00981279
0.009955065
0.064147435
-0.034196943
0.094870925
0.005556884
-0.06955412
0.11205615
-0.05983704
-0.16922686
-0.25323427
0.017277721
-0.34901807
-0.17267075
0.105338156
-0.0683375
-0.20673206
-0.1381414
-0.900842
-1.1265694
-0.33551008
-0.6591908
-0.7624828
-0.18676168
-0.55818725
-0.72152483
-0.54264295
-1.2230651
-1.7158083
-0.58994555
-1.5484209
-1.5164131
-0.5066483
-1.5610025
-1.2277974
-0.26100776
-0.07685266
0.38415262
0.13444392
-0.06648188
0.254278
0.27070278
-0.03517052
0.27181318
0.21878625
-0.16556524
0.30582613
0.9644488
-0.22324765
0.42380735
1.0419977
-0.08187775
0.380762
0.8505021
-0.34961447
0.25909868
0.8401741
-0.1022497
0.15722471
0.8588118
-0.011044334
0.2513988
0.5888228
0.3181875
0.5087002
0.018246379
0.35731095
0.50795627
0.1954906
0.25998905
0.41967043
0.19748002
-0.015663577
-0.3077452
-0.5416857
-0.010167297
-0.43031684
-0.50002295
0.051135633
-0.2705689
-0.3772713
0.35702664
0.1922008
0.16168982
0.3690753
0.39863843
0.17784688
0.16163912
0.27793667
0.23684454
-0.10824604
0.16913155
-0.150558
-0.030527717
0.14201811
-0.06501599
-0.07964027
0.04857552
0.10868451
0.37163636
0.04662915
0.24647178
0.4943636
0.54279983
0.4375823
0.38335204
0.34474874
0.3368023
-0.039994244
0.1028401
0.09138366
0.1618235
0.29266372
0.1210569
0.33075005
0.28394437
0.089815445
-0.30543026
-0.04791298
0.22014523
-0.06015571
0.07578238
0.07913286
-0.01929123
0.07237747
0.027853597
-0.17114136
-0.33595303
-0.46222508
-0.027388653
-0.14706175
-0.50283706
0.21850568
-0.06234222
-0.40124127
-0.07558452
0.1939102
0.36135226
0.2794011
0.53768855
0.35885954
0.09109098
0.09958804
0.26953116
0.5771542
0.65487486
0.32494748
0.44343847
0.4214166
0.20470814
-0.07847868
0.14842546
-0.09086814
-0.13861318
-0.2075053
-0.16656686
0.020821337
-0.16646113
-0.08837733
0.052791066
0.0076789213
0.008954712
-0.1569005
0.00018289052
-0.2013969
0.06858078
-0.08047199
-0.03270493
-0.20466685
-0.26729637
-0.017776813
