10
14
3
3
-0.27297008
-0.23806354
0.08470244
0.0023848226
-0.003039232
-0.07875679
-0.05847166
0.066577636
0.18807788
0.005685156
-0.22586198
-0.12575075
-0.002713803
-0.082832135
-0.03865066
-0.10213976
0.042144604
0.1352008
0.23360234
0.09306888
-0.26027587
0.022812897
0.18575996
0.060321122
0.1458064
-0.08374953
0.18085216
-0.07887156
-0.111717924
0.066787265
-0.030152984
-0.0681431
-0.11222305
0.0056503005
0.10154284
0.01809473
0.039379105
0.08053079
-0.07023681
0.04907137
0.067582585
0.07776057
0.09074138
0.19132864
0.16285017
-0.08555099
-0.075096585
-0.19763331
-0.12711887
0.1137871
0.011712641
-0.005885681
0.049887713
-0.09838345
0.3076358
0.12935401
-0.11760173
0.05473352
0.08081032
-0.077812314
-0.02150493
-0.09264684
-0.060891043
-0.08501515
0.13755709
0.09224542
0.08870661
0.13560992
-0.041216187
0.07765252
0.10223217
0.12245803
0.079535134
-0.030179411
0.020505428
-0.141948
-0.27956855
-0.20408377
-0.16810432
-0.20659891
-0.03998245
-0.16955422
-0.13384849
-0.16009122
0.08649423
-0.122364774
-0.038752295
-0.12960485
-0.13435473
-0.06307377
-0.14594547
0.34295154
0.2923481
0.11286276
-0.06189503
-0.025929324
0.042029165
0.011826175
-0.314774
0.18010354
0.3305281
0.0038126002
-0.0038273232
0.14371818
0.095059484
-0.023835981
-0.3561668
-0.14902432
-0.19848481
0.20189455
0.09093941
-0.29057184
-0.06638245
0.08031881
-0.030190704
0.1906916
-0.03154142
0.014613153
-0.06347153
0.09947273
-0.064798884
-0.01623999
-0.1515641
-0.0032413637
-0.08987471
-0.18228677
0.059626818
-0.04029341
0.079493016
-0.062317245
0.15640526
0.17570667
0.07336201
-0.014549364
0.011013413
0.1764841
-0.0691582
-0.025186121
0.041183613
-0.093319006
-0.08393766
0.06789484
-0.1620042
0.092565924
0.017323438
0.020218333
-0.060490467
-0.02266675
0.050546344
0.109464936
0.122264
-0.11415357
0.002877823
0.16782597
-0.0309172
0.015500646
-0.16561003
-0.14457214
0.12317308
0.16378497
0.0011438333
-0.011152061
0.0072433655
0.052479602
0.13766177
0.15038133
-0.107499264
0.035011448
-0.1228093
0.03857669
-0.16663456
-0.039493825
0.040611975
-0.0050910222
-0.007881084
-0.09793427
-0.12854183
0.008504279
-0.01097756
0.08853035
0.009176453
0.07892949
-0.12796201
0.11498508
0.08866968
-0.059824526
-0.069480225
-0.013143114
0.028658086
-0.089677624
-0.12504405
0.03881376
-0.032622207
0.021377215
-0.038760886
-0.05165654
-0.02235037
-0.04989932
-0.1364245
-0.0684708
-0.006946917
-0.05339459
0.05395521
-0.026361566
0.122768424
0.18347003
-0.12548386
0.14410956
-0.0783545
0.059288967
-0.08515423
0.07732274
0.08889248
0.061727077
-0.07031091
-0.031774677
-0.052182097
0.056207396
0.010779627
-0.17555943
-0.0040520937
0.06367626
0.05139812
-0.085292876
0.0068431403
-0.062288914
0.10664418
-0.09901747
0.029661011
-0.11021417
0.047886495
-0.08286604
0.09204725
0.011191808
0.033737563
-0.1523929
-0.14198987
-0.052080218
-0.027638262
0.041914426
0.06416632
0.13196355
-0.02337482
0.01840916
-0.06884215
0.16621773
-0.011678457
-0.14921312
-0.012532884
0.15173562
-0.116813086
-0.08365773
-0.10010301
-0.17883356
-0.15287893
0.04935234
0.20991363
0.0419748
0.16449922
0.28849602
0.16687071
-0.03059743
-0.2441978
-0.2776983
0.0057989424
-0.06994548
0.039001055
-0.11978356
0.31837118
0.09255126
-0.113865174
-0.019628765
-0.30747655
0.046857312
0.13480592
-0.20911407
0.03432603
-0.061883133
0.18923959
0.05138106
-0.002060802
0.03534756
0.012228573
-0.101889886
0.08532952
-0.006214762
-0.19097593
-0.21344505
-0.06271751
-0.009844337
-0.22014053
-0.0685033
-0.08820206
-0.20201579
0.12363921
-0.10525554
0.104389034
0.04816764
-0.06516214
-0.056411803
-0.04381728
-0.17689578
0.099180646
-0.19882725
-0.12871446
0.06763116
0.19058225
-0.11554584
-0.008898913
0.009126201
-0.03055496
-0.16735947
0.024240045
-0.03576129
0.06433653
-0.022640854
0.22687595
-0.032835532
-0.008579999
0.13853759
-0.22358307
0.103694245
0.14396097
0.08056193
0.012519448
0.072652556
-0.046522293
-0.1089133
0.10623624
-0.085505955
-0.027328312
-0.019822797
0.054899182
0.07439473
-0.17352895
-0.0023410292
-0.094364755
-0.035944205
0.018159142
0.057000328
-0.15260485
0.045453828
0.054046094
0.10039063
0.08146379
-0.051754322
-0.2188283
0.0065705874
0.13818546
-0.1678164
-0.32316488
0.07669233
0.08090001
0.07788317
0.05408098
-0.0048605306
0.020764697
-0.29510552
-0.07029019
-0.03248586
-0.09207202
0.21558866
0.15052962
-0.21156636
-0.18011442
-0.08383147
0.026615286
0.11444629
0.15504937
-0.06513376
0.034379505
-0.037352923
0.018695101
0.1353135
0.090845905
0.0051439516
-0.14286849
0.0177984
-0.3772937
0.008978691
-0.020623041
0.050506555
0.25383195
-0.11927354
0.19335382
0.19199757
-0.016527519
0.058771107
-0.31319803
0.07778156
0.035425697
-0.031030469
0.09970957
0.13898005
0.12595685
-0.026084408
0.057167344
-0.020699074
-0.106039755
-0.17733818
0.20249237
-0.13641232
-0.0612741
0.20481555
0.09162663
0.012531456
-0.11722863
-0.07188589
-0.0356862
-0.059827432
0.06255029
0.1576603
-0.18715978
-0.10542563
0.2271648
0.0040676817
0.1106234
-0.002605292
0.2407121
0.20858286
0.11240873
0.3032333
0.23641823
-0.10475572
-0.13962099
0.07545919
-0.04259905
-0.044756703
0.018651687
0.019236872
-0.1508908
0.0883019
0.36458853
-0.03957674
-0.005216374
0.059817977
0.12350595
-0.061005894
0.10155388
0.2700738
0.26072475
-0.33614376
-0.07018381
-0.17252566
0.099473715
0.16633703
-0.19520886
0.1462243
0.036828123
0.29349053
-0.02597372
0.024985282
0.019277984
-0.027698077
-0.111333594
-0.0020551542
-0.15706477
-0.15776052
0.19685185
-0.002381229
-0.08809635
0.0812773
-0.12796555
-0.15786831
-0.046408303
-0.027434072
-0.1964447
0.11051494
0.09874087
0.040629998
0.33182552
-0.06805863
-0.09604681
-0.043778487
0.09781762
-0.18951853
-0.07971394
0.18416947
0.2563739
0.07165767
0.017858172
0.06624827
0.04694908
-0.012906938
-0.074444115
-0.08913411
-0.27223107
0.118804775
0.22328065
-0.0054879775
-0.0203542
0.000602222
0.15621169
-0.020303143
-0.04268288
0.04185827
-0.008792019
-0.07267643
-0.14922692
0.06941681
-0.11008098
0.09909263
-0.098698266
-0.044096805
-0.2248331
0.14479373
0.046617
0.32001746
0.42011166
-0.11104723
0.35002685
0.043351665
-0.11426922
-0.27126655
-0.013415383
0.43519333
0.22282559
0.46836427
0.37270904
0.28132612
0.51129806
0.07031459
0.26916534
-0.1167057
-0.91653687
-0.040865045
-0.120487824
-0.41551596
-0.17644018
0.043548554
-0.05535866
-0.022752088
0.12088866
-0.19293965
-0.06975392
0.02920254
-0.002949668
0.13612728
-0.07154673
-0.07040128
0.18547688
-0.38246283
0.0119448835
-0.122592255
-0.14034985
0.2327707
0.18156536
0.1686366
0.26000965
0.041168217
0.0839737
-0.029314527
-0.09876044
0.16570827
-0.049707517
-0.08653441
0.042539444
0.13250658
-0.19329485
-0.56413066
-0.063979685
-0.47033238
-0.35595787
-0.016072702
-0.17008074
0.21661061
0.34563154
-0.5225885
0.2997057
-0.7516403
-0.144453
0.19517395
-0.44387364
-0.19252536
0.03432403
-0.04446242
0.3471414
0.1593117
-0.21442473
0.2245823
0.13842683
0.15607254
-0.0019452088
0.32813194
0.19145507
-0.026644608
-0.00510169
-0.024622327
0.021845901
0.055994492
-0.03796583
-0.06516703
-0.010615878
-0.13433042
-0.098390914
0.2917327
-0.030747738
0.13076322
-0.07556227
-0.19154955
-0.26148158
0.07680661
-0.1898812
0.19596389
0.47546542
4.4266366e-05
-0.18145627
0.021443645
-0.07908354
0.12929201
0.1836761
0.22480185
0.041160014
0.50220764
0.2920376
0.3010025
0.2699585
-0.087354556
0.22875594
0.24044083
0.14554979
0.060027387
-0.057846565
0.044614043
-0.054286566
0.12135686
-0.015372594
-0.020197803
0.19674934
-0.016918717
-0.045444548
-0.48580855
0.037744638
0.15263312
0.004612529
0.09845542
-0.05615775
-0.094099
-0.3304708
0.19305502
0.2755781
-0.41623193
0.1390076
0.19175485
-0.022713041
0.10165671
0.21674967
0.19595835
0.0044852747
0.10079705
0.35982078
0.012483009
0.025274005
0.21542987
0.1845547
0.04028487
0.46353048
-0.06923845
-0.025062509
-0.058778867
0.014994866
-0.11818718
0.024127968
0.13242044
-0.024990398
-0.11738745
0.10117249
-0.18108967
-0.80742675
0.09410479
0.015520871
-0.39005396
-0.051935382
-0.27522266
-0.038584586
-0.012185013
-0.06801841
-0.1321784
0.111282654
-0.10660003
-0.014380916
0.05048859
0.0626401
-0.011547231
0.02804571
0.301821
0.319127
-0.13046566
-0.03477879
0.45701215
0.17627844
0.22604242
0.46642023
-0.25223687
-0.34545493
0.24188256
-0.19380938
0.17823924
0.23641925
-0.1973907
-0.13843997
-0.06608849
0.11597459
-0.009439023
0.18394357
0.17067026
-0.13008612
0.20416746
0.40019792
0.16720589
0.107199065
-0.03795024
-0.047802914
-0.13391286
-0.1926512
-0.13333742
-0.10650282
0.084956996
-0.075214714
0.08269318
-0.12876917
-0.12776919
-0.0047225384
0.24801631
0.15859407
-0.052759495
0.24765334
0.28684032
0.4054988
0.028812438
-0.26767334
0.5030943
-0.20160727
-0.83079654
-0.47951046
0.29753333
0.19514431
-0.49938965
-0.21201232
-0.7695483
-0.25509107
0.28041425
0.17706853
-0.28945863
0.23872983
0.31714618
0.008693347
-0.16454805
-0.033216525
-0.09183054
-0.12750997
-0.06152438
-0.035391714
0.076449774
-0.06074948
0.033023875
-0.50644684
-0.19150211
0.023040367
-0.19059116
0.049631868
-0.24236186
0.34588206
0.17876905
-0.14375192
0.05106645
-0.40871063
-0.121315986
-0.023092972
-0.201338
-0.2444172
-0.09890105
0.27631363
-0.17243873
-0.22013037
0.15174098
-0.28793657
0.022164177
-0.017662276
-0.26746708
-0.316551
-0.05423175
0.057331964
-0.0050773886
-0.19018595
-0.017695334
0.049574077
0.092371464
-0.06496445
-0.03583873
-0.059068408
0.15661177
-0.04656762
-0.3036308
-0.24601479
-0.22533469
-0.24992532
-0.1982539
-0.11955298
-0.3157352
-0.22763127
0.12949339
-0.028961152
0.048768476
-0.024215298
-0.073051624
0.010753613
-0.1463723
0.023409257
-0.13410768
0.031982295
-0.28563786
-0.36912897
-0.21633446
-0.3017122
-0.14995252
-0.28078046
-0.20716847
-0.034500502
-0.44389093
0.19931106
-0.0007559075
-0.17722343
0.2236511
-0.29049316
0.16619866
0.022808632
0.020099113
0.324704
0.32389012
0.05727939
0.15135115
0.12381964
0.01717392
0.1085572
0.07000615
0.038757127
-0.051207777
0.1471688
0.08382154
-0.08555162
0.029448748
0.12822947
-0.00889676
0.13096756
0.056100745
-0.0017630149
0.07217379
0.08326971
-0.10971888
-0.26712608
-0.3608012
-0.06363492
-0.23924017
-0.5203867
-0.019513566
-0.013342185
-0.12659733
-0.12513435
-0.06882003
0.15001525
-0.48785302
-0.42263645
-0.11540098
-0.48929217
-0.056944314
-0.33208802
-0.42589226
-0.09126308
-0.39412042
0.07715411
0.101492316
-0.45439598
0.006353812
-0.10631639
-0.16143
-0.099133484
0.02720826
0.03748546
0.15847299
0.088391386
-0.018430851
-0.033133
-0.046662264
0.38601363
-0.42779425
-0.19999953
-0.18606354
-0.062686235
0.10165282
-0.14307624
0.24138144
-0.25955606
-0.06993412
0.035476103
-0.4359017
-0.2482764
-0.0877356
-0.09171879
-0.09572793
-0.02044451
0.48504406
0.095509544
-0.019352881
0.24853161
-0.16738401
-0.29542923
0.0038799618
-0.066353045
0.089790665
-0.058132578
-0.078307286
0.05433727
-0.15148331
0.072760805
-0.07693596
-0.012070303
0.038099896
0.11910749
0.4895023
0.01583412
-0.015354585
0.07298709
-0.22467561
-0.03680926
0.13036053
-0.058054317
-0.07727056
0.021634484
-0.023456033
0.054224726
0.16805641
-0.13294795
0.0937716
-0.04773992
0.013776468
0.19035724
0.1501388
-0.11053437
-0.05169753
-0.07943327
-0.23902196
-0.22017169
-0.26538095
-0.31741574
-0.22272581
-0.09721856
0.06242112
-0.41707736
-0.07945986
-0.2311214
0.18565747
-0.05773712
-0.18830289
0.057888974
0.0155831715
0.36069122
-0.030316854
-0.23029485
0.057983708
-0.33073813
-0.43243095
-0.17856057
-0.11546951
0.010655312
0.09460534
0.021342948
0.0878497
-0.049477216
0.10954523
0.1361466
-0.16787459
0.07483328
0.26645494
0.52843815
-0.09399209
0.1776787
0.273559
-0.20217076
0.004487039
-0.21796677
-0.19856505
-0.28106496
-0.48784688
0.4565339
0.26039404
-0.18322925
-0.2174309
-0.19106604
-0.2537679
0.0030791203
0.12184372
0.05711218
-0.90018576
0.021406919
-0.17853971
-0.28392696
0.068279244
-0.27593723
-0.07224758
-0.04822854
-0.01651077
-0.05195675
0.08424422
-0.06281
-0.03772108
-0.013356619
-0.025478562
0.21652988
-0.29144076
-0.21915126
0.2913769
0.049278643
-0.06323045
-0.061852183
-0.1049223
-0.21380438
-0.110868014
0.20850341
-0.4282475
-0.13871476
0.16584386
0.22183208
-0.028772417
0.085383624
0.12002265
0.07316553
-0.053391196
0.16876039
-0.0733695
-0.06215154
0.31939963
0.22455047
-0.034647875
0.14002164
0.02160064
-0.08318905
-0.016671551
-0.030692061
0.11143508
0.11132563
-0.06287082
-0.004621042
-0.08607786
-0.2855761
-0.32421413
-0.58166987
-0.02767709
-0.3756014
-0.15258035
-0.13993634
-0.29123703
-0.0043305606
-0.120116524
-0.046796788
0.14098689
-0.04033072
-0.055184007
-0.118355334
-0.08833722
0.13167128
0.12994513
-0.3239354
-0.0022113756
0.15221046
-0.39391807
-0.33207035
0.20961727
0.07275456
0.08484735
0.31695437
0.11516764
-0.40751448
0.09896202
0.21343714
-0.0442221
0.22791938
0.19451891
-0.13562144
-0.065333284
0.31083244
0.042793646
0.3031686
0.3581044
0.12079403
0.070133924
0.39391503
0.2747159
0.13685523
-0.07670569
-0.03289621
-0.039353035
-0.061000325
0.037870247
0.058045175
0.07036149
0.16967218
0.102330685
-0.018513707
-0.24686135
-0.22548348
0.17951247
-0.13788001
-0.034309685
-0.0005144515
-0.13271633
0.095380016
-0.029863516
-0.054493207
0.24753605
-0.047676265
-0.5822573
-0.32047233
0.010752323
0.004494065
-0.1298662
-0.12698083
-0.45031324
-0.098398715
0.3740331
-0.07153328
-0.08912182
0.1446587
0.00010263781
-0.034007955
0.105531156
-0.06547883
0.16863218
0.067935295
-0.018866962
0.056545574
-0.08123606
0.06718251
0.16507027
-0.127857
-0.02531227
-0.1419402
0.2313886
0.29839107
0.16693752
0.19027704
0.028652081
0.23251197
0.25490066
0.033032328
0.2849496
0.20538467
0.32002002
0.3051449
0.26452282
0.26711777
0.39241794
0.3147763
-0.12043557
-0.4255663
0.12852569
-0.038484134
-0.09037234
0.23241657
0.1955403
0.025450416
0.14283776
0.13715239
-0.04333801
0.14421996
0.0967642
-0.117600776
-0.104639895
-0.16150917
0.0033760644
-0.052897405
-0.22982574
-0.11696886
0.20451824
-0.29113233
-0.16986859
0.093621574
-0.10639167
-0.008170703
-0.20583625
-0.09709885
-0.01714183
-0.16439514
-0.09182287
0.06595137
0.07797591
-0.00938114
0.017332045
0.13002305
0.059485782
0.0031560168
0.06717464
0.057343822
0.334565
0.16046913
0.24104664
0.3517267
-0.026563339
0.02975939
-0.18371488
0.17300762
0.2194456
-0.0031189036
0.25366142
0.19622637
0.24168469
0.44126564
0.04535691
-0.05314133
0.082824774
0.09664704
0.047026
0.14878614
0.3334822
0.35120773
0.05508675
-0.15464218
0.16715442
0.012681076
-0.10696423
-0.054018445
0.11008521
0.16604961
0.116104715
0.07312956
0.085509054
0.06414633
0.35640886
0.20209652
-0.06154336
0.36318538
0.013070892
-0.022940284
0.26125935
0.34447002
0.18794148
-0.02280799
0.2831932
0.4186888
-0.0062481654
0.10539844
0.47698286
0.38923305
0.2034221
0.24658681
0.2275929
0.18628931
0.1213814
0.25574052
0.22790338
0.28150344
-0.025117466
0.1142465
0.010989
-0.06134055
0.07001573
-0.14524113
0.01662333
-0.13465959
-0.086499564
