3
6
5
5
-0.065671206
-0.19649176
0.056786902
0.052722443
-0.101849325
-0.009711602
-0.019626325
0.097368695
0.090545565
0.19301121
0.060171664
0.1721264
0.11494599
0.21496247
-0.0009685951
0.12837534
0.19620456
0.19114503
0.17177899
0.18369117
0.27219778
0.16867884
0.09210466
0.2517507
0.01688898
0.4055027
0.545598
0.4006606
0.48317102
0.47056004
0.26669553
0.5202814
0.6159906
0.603785
0.27835676
0.21123181
0.49517587
0.45847562
0.30699548
0.49548176
0.36042497
0.32685882
0.51335347
0.52708316
0.3222229
0.26893315
0.17175142
0.324441
0.4047421
0.38590196
0.19575734
0.47973263
0.569018
0.6164264
0.39011118
0.29149392
0.52694213
0.702983
0.69957846
0.59220624
0.4368258
0.54912955
0.66837883
0.6317241
0.5780491
0.1417679
0.5606172
0.5101397
0.5186879
0.50406635
0.28457865
0.24801354
0.31441626
0.50063115
0.27223897
0.058093436
-0.09144398
0.0105417
-0.055977665
-0.10661558
0.1228369
0.119851306
0.09609098
-0.16032729
0.037324566
0.13509494
0.047037814
0.024127003
0.016059268
-0.17095251
0.072882965
0.21672964
-0.029136207
0.05100236
-0.15798484
0.043696176
0.0757413
0.096907474
-0.01758499
-0.032897413
0.5697751
0.30218607
0.010410152
-0.28505233
-0.61314946
0.46353284
0.39645806
0.022338945
-0.37468293
-0.6223784
0.51581454
0.35036066
-0.07517541
-0.23580073
-0.69788086
0.34458563
0.22130834
-0.16310404
-0.45020604
-0.70019704
0.2634274
0.097548336
-0.11380226
-0.36596608
-0.6040163
0.10753779
0.12566157
0.3771789
0.37028345
0.37455383
0.16724429
0.29622036
0.20663492
0.37783575
0.41114405
-0.11882318
0.0871456
0.3336201
0.35949138
0.5039336
-0.033631906
-0.091263615
0.034639124
0.23762059
0.2254041
-0.25098804
-0.16482079
-0.03374981
0.12686901
0.2040591
-0.1335889
-0.060435962
0.16702679
0.11695965
0.1609164
-0.043775897
0.08739459
0.22066987
0.4648774
0.19613163
0.10621691
0.44296643
0.45347553
0.45776019
0.3363917
0.2080857
0.35533947
0.41793928
0.46104452
0.42599678
0.12505193
0.12533703
0.47260988
0.540325
0.33778232
0.14454082
0.23621105
0.11151611
0.21767317
0.13957414
0.104546584
0.387534
0.07499776
0.2119439
0.27033257
0.19733709
0.3004347
0.25711152
0.30907035
0.055126492
0.039667636
0.20821278
0.0690867
0.050941844
0.23060772
0.17043993
-0.03410979
0.019658575
0.14944226
0.10580083
0.47585434
0.523112
0.81502914
0.59530467
0.5502839
0.508015
0.6994827
0.8721272
0.74001783
0.6077881
0.6019711
0.6957433
0.7507424
0.7679029
0.6063845
0.41002885
0.52711076
0.62472016
0.45867652
0.36408108
0.23664051
0.41123217
0.515535
0.35075584
0.35583803
0.04656231
0.3364749
0.20310448
0.2525755
0.034861714
0.2673713
0.12861219
0.2952136
0.13237293
0.30725428
0.36780396
0.297275
0.38632238
0.24160612
0.3149879
0.29456016
0.37950563
0.30013248
0.39048582
0.08489992
0.27815065
0.2784859
0.4219351
0.36323074
0.08806539
0.56590533
0.65170044
0.20475216
-0.13019128
-0.6540799
0.74030733
0.43624082
0.16137393
-0.16346456
-0.57227886
0.60114956
0.51566535
0.21874458
-0.3074227
-0.613671
0.49621713
0.28648943
0.18081152
-0.16584624
-0.6050353
0.3517037
0.27967024
0.11206534
-0.14150788
-0.6898262
0.21920963
0.51651204
0.6040779
0.7327415
0.6461979
0.27095246
0.53491956
0.7161808
0.50870013
0.5610357
0.22683044
0.30356973
0.52272224
0.536422
0.6928536
0.16330016
0.26832613
0.43785506
0.5309745
0.5519633
0.11885519
0.08400661
0.16296896
0.18062232
0.223275
0.1787143
0.13503419
0.35020712
0.37817344
0.52650267
0.41486382
0.41155794
0.5270427
0.41900206
0.6018645
0.46261922
0.5051446
0.51423854
0.50329715
0.6068392
0.4285896
0.543951
0.78914374
0.71762896
0.41963682
0.2859661
0.43685842
0.43700624
0.53097516
0.5691373
-0.1544584
-0.07535247
-0.0026036687
-0.14268205
0.015338786
-0.1119554
-0.12006132
-0.12499848
-0.19970012
0.14368896
0.1367519
-0.03485882
-0.065780245
0.14609402
0.0392533
-0.030135812
-0.21671185
0.116079316
-0.14259756
-0.057630002
-0.15678161
-0.088813424
-0.04586819
-0.30458632
-0.027762705
0.29727668
0.36624205
0.42342994
0.4903588
0.19409925
0.19635332
0.2632082
0.44204754
0.5979114
0.3539466
0.38833925
0.44216752
0.50030047
0.304296
0.272414
0.1490208
0.28049138
0.5141352
0.19332704
0.32400343
0.12874028
0.02004101
0.26689634
0.088936925
0.07255747
0.30436438
0.506378
0.5688375
0.32457048
0.3100906
0.31732354
0.43464184
0.50873476
0.41920534
0.43224812
0.39834362
0.40232947
0.5636917
0.39635116
0.49797606
0.47493976
0.5186568
0.56578237
0.32206783
0.46987748
0.5895878
0.6156919
0.48341623
0.45186684
0.3507799
0.4887492
0.34276685
0.2208139
-0.06558665
-0.3042543
0.5409662
0.5140859
0.31364292
-0.08819766
-0.30642414
0.3816811
0.4060793
0.19578595
-0.08968836
-0.37698257
0.45717502
0.37850454
0.3009538
-0.008820744
-0.32515818
0.34727892
0.33422336
0.17797686
-0.027976934
-0.1943178
-0.0898154
0.08623298
0.18155147
0.3360544
0.4179856
0.10163352
-0.006042988
0.1834144
0.27117413
0.25063938
-0.09417239
0.09361499
0.02457988
0.30012888
0.120318495
0.07052781
-0.1651632
-0.078502916
0.24392205
-0.08411345
-0.14846829
-0.26916206
-0.012490126
-0.14252698
-0.23785171
