60
0.049268086
0.5427189
0.5724186
0.08257645
0.17397681
-0.017136747
0.28077328
-0.3628826
0.5651898
0.65757585
-0.35147828
0.2899828
0.0061151856
-0.39423808
-0.75061864
-0.0063122176
0.45350686
0.0032832401
0.0569398
-0.22232303
0.046862055
-0.121754766
-0.47986117
0.22065653
0.15123895
0.59314644
0.88948953
0.5740467
0.48123214
-0.0056476835
0.14818192
-0.098004095
-0.47996753
-0.13658479
0.48482406
-0.56415194
-0.5466482
0.25459003
0.5357333
0.6971189
-0.422557
-0.42358884
-0.24986477
-0.3656025
0.20644091
-0.39734864
0.6100586
0.35055748
0.23482378
0.52500933
0.17074515
-0.20492856
0.20224883
-0.25393897
-0.24961789
-0.30389127
-0.53839767
0.15171392
-0.37317842
0.19990034
