60
15
0.063163295
-0.06551535
6.71468e-06
-0.027605763
0.104343496
6.3415982e-06
0.04065016
6.2331446e-06
-0.08599485
6.9748153e-06
-0.036112063
0.029131465
6.983322e-06
0.024644969
6.4512615e-06
-0.017372644
0.022526644
-1.8043875e-05
-0.023720631
0.04668293
-1.9081408e-05
0.06969681
-1.9298757e-05
-0.029667286
-1.6382788e-05
-0.022448797
0.004286325
-1.6218619e-05
-0.032005366
-1.8831928e-05
0.0018353486
0.034827366
-1.0403799e-05
-0.012379605
0.017969223
-9.44808e-06
0.06458296
-9.216523e-06
-0.015226104
-1.1625459e-05
-0.008563509
-0.013651028
-1.1732862e-05
-0.026287483
-9.698144e-06
0.01588964
0.0042741103
-6.3498796e-06
0.002564581
-0.06744932
-6.0194307e-06
-0.03570946
-5.970883e-06
0.099013746
-7.080203e-06
0.014197526
0.035443686
-7.1608424e-06
-0.028408425
-6.085561e-06
0.044466153
0.015256742
-1.0242979e-05
-0.031263188
-0.051757988
-1.0274661e-05
0.10705576
-1.0287921e-05
0.051236287
-1.0261868e-05
0.03383219
-0.06435644
-1.0266871e-05
-0.006293573
-1.0262711e-05
8.1727604e-33
-7.472702e-33
-8.969798e-33
-7.582281e-33
7.3221066e-33
3.8681522e-33
6.5452605e-33
-6.3834045e-33
-7.327962e-33
1.134921e-32
-7.473423e-33
7.0433785e-33
4.027079e-33
7.1604945e-33
-9.656733e-33
-0.048948254
-0.029527726
5.0477597e-06
-0.018092657
0.064567104
2.510255e-06
-0.0056347493
1.926101e-06
0.021590272
8.433881e-06
-0.05351269
0.071467616
8.729915e-06
0.00089679623
3.1562754e-06
0.052274052
-0.050754424
-1.7007022e-06
-0.018303178
-0.053430293
-2.1121748e-06
-0.06262288
-2.2342633e-06
0.053708725
-1.434503e-06
0.051283184
0.10338037
-1.4275123e-06
0.027483316
-1.9896434e-06
0.025787145
0.03201539
-1.0860209e-05
0.022728628
0.02932382
-1.0357753e-05
0.038626287
-1.0267453e-05
-0.030912274
-1.1819126e-05
-0.015514049
-0.034317743
-1.1921078e-05
-0.044734202
-1.0468858e-05
-0.022336993
0.025056768
-4.4497433e-06
-0.012414949
-0.020520171
-4.416747e-06
0.041515443
-4.3984764e-06
-0.014849581
-4.3711557e-06
-0.016137458
-0.0104423305
-4.3565697e-06
0.03526851
-4.4322405e-06
-0.0063076187
-0.011662845
-6.598716e-07
-0.0185122
-0.008713658
-6.619506e-07
-0.0050186934
-6.6104104e-07
-0.03496343
-6.418128e-07
0.092416495
-0.019902006
-6.3943844e-07
-0.0068521244
-6.6235333e-07
0.02271224
0.1525774
-2.2617874e-05
0.054743268
0.10607668
-2.2194445e-05
-0.07763782
-2.2117802e-05
-0.024529157
-2.3398883e-05
-0.01759224
-0.025449777
-2.3479744e-05
-0.016652256
-2.228869e-05
0.08391955
0.057752337
-2.3363962e-05
0.10201423
0.15989746
-2.2256547e-05
-0.09608807
-2.2003689e-05
-0.056154486
-2.4937226e-05
-0.038923062
-0.07573658
-2.5084832e-05
-0.026076902
-2.2536307e-05
0.0811396
-0.014073699
5.3594135e-08
0.016923774
-0.016230727
4.63912e-07
-0.018010769
5.5706244e-07
-0.031346686
-4.6612035e-07
0.0047127428
-0.005311587
-5.094395e-07
-0.010626286
3.5951302e-07
0.049075786
0.0061970814
-2.1808042e-05
0.049857173
0.039826546
-2.2414595e-05
-0.095610484
-2.2569695e-05
0.0381625
-2.1164566e-05
0.065731525
0.06828958
-2.1117781e-05
-0.11905745
-2.2250026e-05
0.011120156
0.12735091
-1.585592e-05
-0.04801001
-0.06139534
-1.6671464e-05
-0.07396073
-1.6857988e-05
0.00016047855
-1.4714402e-05
0.058340065
-0.032044537
-1.4609244e-05
0.06966148
-1.6465106e-05
-0.036833286
-0.061791614
-2.6751986e-06
0.031183828
0.052581362
-3.2105302e-06
0.114678055
-3.3251772e-06
-0.059423346
-1.8526395e-06
-0.015900528
-0.008007053
-1.7734534e-06
0.020477228
-3.0800434e-06
0.00014194597
-0.021990262
-2.1684061e-06
0.043749187
0.0238029
-1.8521736e-06
-0.0033283846
-1.7638522e-06
-0.030437633
-2.4180376e-06
-0.013260068
0.045951862
-2.4300452e-06
0.001265572
-1.9430506e-06
0.044836555
0.108115464
-1.5173322e-05
-0.0027327174
-0.019435113
-1.4613938e-05
-0.029759903
-1.44850765e-05
0.08663248
-1.5948679e-05
-0.033010356
-0.025674164
-1.6019785e-05
-0.025956849
-1.4756051e-05
8.671907e-33
8.026048e-33
9.1722104e-18
8.437494e-33
7.834379e-33
-4.668818e-23
1.6756907e-33
4.7754126e-27
8.09239e-33
-9.722994e-27
8.1984986e-33
8.0325915e-33
2.0129945e-27
-7.9299855e-33
-4.6235236e-22
0.017157951
0.076687984
-1.3303063e-05
-0.082739174
0.058719765
-1.2709138e-05
-0.03029549
-1.2586296e-05
-0.0052057356
-1.4262024e-05
-0.053122547
0.08343719
-1.4356971e-05
-0.04883994
-1.2851064e-05
0.10011878
0.06978961
-1.1712317e-05
0.09156857
-0.049367245
-1.2855312e-05
-0.014643243
-1.3115105e-05
-0.04322135
-1.0098804e-05
0.0013453674
-0.010004146
-9.949335e-06
-0.025158051
-1.25671195e-05
0.05561669
-0.021649566
1.5640613e-05
0.06479324
-0.021457508
1.6250806e-05
-0.026586974
1.6362825e-05
-0.01877803
1.4482686e-05
0.04331328
-0.012862356
1.4358083e-05
-0.012522851
1.611444e-05
0.051103976
0.2045231
-1.2107575e-05
-0.06667731
-0.044927638
-1.3507543e-05
-0.048791762
-1.3835154e-05
0.13120992
-1.0204813e-05
-0.059362583
-0.019857038
-1.0031182e-05
-0.06736031
-1.3148703e-05
0.0176879
-0.06811535
-1.2759985e-05
-0.010334852
0.024614153
-1.334369e-05
-0.012848583
-1.3455747e-05
0.047124084
-1.17149575e-05
-0.03582885
0.077389404
-1.1605982e-05
0.0071209106
-1.3209986e-05
-0.12692505
0.0931834
-1.3320084e-06
-0.0077268346
-0.09767472
-1.8308237e-06
0.002707714
-1.95223e-06
0.15996751
-7.116555e-07
0.034306154
-0.07176977
-6.5860263e-07
-0.032263953
-1.6998138e-06
-0.061451565
-0.0028363613
1.4386906e-05
-0.016667224
0.0016487136
1.4847143e-05
0.088187136
1.4899868e-05
-0.06255168
1.3147655e-05
-0.05949528
0.029859189
1.2998988e-05
0.1351388
1.4765454e-05
-0.008378121
-0.03731828
1.894952e-06
-0.013483685
-0.017761445
3.2111748e-06
0.067540765
3.4832271e-06
-0.035780635
-2.6734028e-07
-0.029428603
-0.031570043
-4.848305e-07
0.17305179
2.8971606e-06
0.098055154
0.10744292
-2.7953252e-05
0.062270757
0.03128784
-2.9081082e-05
0.18122342
-2.9345416e-05
-0.13811953
-2.6425032e-05
-0.085477106
-0.09643843
-2.6285798e-05
-0.1283524
-2.8791686e-05
0.11419176
-0.09685913
-1.9332358e-05
-0.11825579
-0.10256715
-1.9323781e-05
0.06215006
-1.9322231e-05
0.07602994
-1.9352476e-05
0.078334674
0.0036268644
-1.9355053e-05
0.14089708
-1.9325676e-05
-0.14739229
-0.119267955
-2.818183e-07
0.122635946
0.0030458362
-3.6421534e-07
0.05679482
-4.065373e-07
-0.14496696
-3.8663654e-07
0.15813129
-0.023408359
-4.0652685e-07
0.0824581
-3.2833236e-07
6.682888e-33
6.342716e-33
3.051889e-33
6.670573e-33
6.222679e-33
-3.0092655e-36
5.7874616e-33
6.0628472e-33
6.0748226e-33
3.5276585e-34
6.218589e-33
6.0468627e-33
-7.9987924e-33
-5.0088494e-33
3.5650393e-33
0.07333044
-0.01799714
-1.0672395e-05
0.1248825
-0.02324791
-1.1652801e-05
0.015401183
-1.1893952e-05
0.020862348
-9.45355e-06
0.038343847
-0.024556907
-9.348294e-06
-0.05472045
-1.1394064e-05
0.10029212
-0.1780153
-2.2148846e-05
-0.032707892
0.04114102
-2.2594517e-05
-0.13742006
-2.2697883e-05
0.12449063
-2.1546824e-05
0.060826264
0.061310727
-2.1492742e-05
0.06955666
-2.2480695e-05
-0.08639391
0.09696819
-9.534009e-06
-0.055096485
0.074190035
-9.9261615e-06
-0.0034332126
-1.0042226e-05
-0.045031488
-9.214896e-06
-0.05698811
0.11340943
-9.195268e-06
-0.013605459
-9.810285e-06
0.055530466
-0.037753858
-2.2279773e-05
0.036687404
-0.03681078
-2.1755124e-05
-0.019844005
-2.1617006e-05
0.0523592
-2.280482e-05
0.09499183
-0.039864622
-2.2840864e-05
-0.033516675
-2.189989e-05
0.002278239
4.9437484e-05
-1.6392461e-09
0.0015496714
0.0009926974
-1.2699368e-09
-0.00069904287
-1.2555943e-09
0.0029264747
-3.2921612e-09
0.003822473
-0.0011215775
-3.471371e-09
5.4198455e-05
-1.3045167e-09
0.063788846
0.028629519
-2.0706371e-05
-0.07046645
-0.06052815
-2.1042597e-05
0.052770022
-2.1117303e-05
0.1084878
-2.0219411e-05
-0.05535268
-0.04511076
-2.0173935e-05
-0.004051945
-2.0958874e-05
-0.121198185
0.108702965
-2.7661154e-05
-0.033565395
-0.0029397462
-2.7021208e-05
-0.010826034
-2.6845197e-05
0.086685255
-2.8262957e-05
-0.040215664
-0.018284008
-2.8303415e-05
0.0039303475
-2.7202244e-05
-0.17755388
-0.02460739
1.3306103e-06
-0.006073186
-0.0033014368
2.3571829e-08
0.07335216
-2.830916e-07
0.017768564
3.0758447e-06
-0.01786833
-0.01984537
3.2318976e-06
0.15376447
3.5937455e-07
1.5202348e-32
-1.5097416e-32
1.3455544e-22
1.4942317e-32
-1.5152914e-32
8.789964e-28
1.3603035e-32
3.1516796e-29
1.6383488e-32
1.2092772e-14
1.5348812e-32
1.4650238e-32
-1.727404e-20
1.2944125e-32
5.365657e-27
0.13600369
-0.024836663
8.743275e-06
-0.048754655
0.013783648
8.444527e-06
-0.0067615407
8.375312e-06
-0.046396114
9.164233e-06
-0.012028443
0.013185009
9.203703e-06
-0.0030062208
8.520545e-06
-0.021517135
-0.084057145
-1.942026e-05
0.09243972
-0.023517372
-1.997182e-05
-0.02454981
-2.0087036e-05
-0.031448107
-1.8552173e-05
0.050777502
0.04564032
-1.846774e-05
0.004631234
-1.9839148e-05
0.114451334
-0.06623368
3.9498605e-06
0.050350312
-0.035940763
3.0235515e-06
-0.026299685
2.7974918e-06
-0.003056238
5.0743392e-06
-0.017196888
0.015263107
5.168086e-06
-0.024408398
3.2675857e-06
-0.11067043
-0.016336614
1.1066057e-05
0.006504101
0.044278834
1.15494e-05
-0.014974683
1.1661182e-05
-0.033891764
1.0388214e-05
0.07121816
0.046243876
1.0324209e-05
-0.0056619565
1.1426328e-05
0.08890772
-0.040520903
-1.8528466e-05
-0.03469366
0.112203225
-1.745111e-05
-0.034883242
-1.7184324e-05
0.012968645
-1.9803765e-05
0.036380123
0.12694396
-1.9907999e-05
-0.11251346
-1.7737253e-05
-0.0747731
0.0009920256
1.5554979e-06
-0.09604466
0.083490774
3.0301726e-07
0.032394886
-1.4360012e-08
0.012996794
3.0313522e-06
-0.08524438
0.06306364
3.1553081e-06
0.054325648
6.3952666e-07
-0.0009008158
0.0006288247
-1.6988662e-07
-0.00028821363
0.0020700751
-1.5964699e-07
0.0011361722
-1.5834172e-07
0.00054165535
-2.0073989e-07
-0.00090155023
-0.00061220676
-2.0452697e-07
0.000330536
-1.614578e-07
-0.062448874
-0.038238112
-4.6858304e-06
-0.032524556
0.09069674
-4.598372e-06
-0.0058640195
-4.561054e-06
-0.042506896
-4.6265027e-06
0.05146551
0.04873717
-4.6114246e-06
-0.0026044892
-4.631848e-06
-0.05767207
0.01625423
-1.5462342e-06
-0.0058792746
-0.016349219
-1.310972e-06
0.12435262
-1.2639154e-06
-0.0039599338
-1.9463023e-06
-0.0077186264
-0.0032929794
-1.9872314e-06
-0.009052648
-1.3661322e-06
0.05153961
0.043019008
-1.2959695e-05
0.06288112
0.043238327
-1.1513216e-05
0.049017105
-1.1182737e-05
-0.04998933
-1.49940715e-05
-0.054851837
-0.0052068513
-1.5183034e-05
-0.054614723
-1.1878994e-05
1.4612044e-32
1.5564747e-32
4.535177e-28
1.4806068e-32
1.4081717e-32
-3.300683e-30
-1.519356e-32
7.879135e-26
1.4692353e-32
-6.047375e-20
1.3962218e-32
-1.3481684e-32
-1.3816776e-21
1.0594025e-32
8.977019e-26
-0.010445099
-0.01659402
-1.1876806e-05
-0.0069215666
0.044638637
-1.2970432e-05
-0.010956215
-1.3206506e-05
-0.00060652697
-1.0187125e-05
-0.034663286
0.057908084
-1.0021582e-05
-0.0050369115
-1.270291e-05
0.11505687
-0.018216155
-8.042251e-06
-0.010895627
-0.0044330005
-7.728627e-06
-0.015248103
-7.653492e-06
0.12437526
-8.4553185e-06
-0.03564228
-0.029630305
-8.492478e-06
-0.038530163
-7.810073e-06
0.05363794
-0.059047278
-3.0004387e-06
0.05198459
-0.050340805
-3.3516912e-06
0.042297784
-3.446611e-06
-0.07604766
-2.68966e-06
0.06595874
-0.019181477
-2.6725534e-06
0.037019715
-3.2530065e-06
0.001889697
-0.043870207
-3.7984682e-06
0.011976867
0.014270019
-4.485837e-06
-0.013197935
-4.6194036e-06
-0.05373637
-2.5411205e-06
0.00313965
0.114725664
-2.4079804e-06
-0.027451875
-4.3280343e-06
0.08982046
0.07530088
-6.908756e-06
0.10216926
-0.03785155
-7.011181e-06
-0.054612942
-7.0479805e-06
-0.02429798
-6.865199e-06
0.11619282
-0.035968408
-6.864321e-06
-0.0866969
-6.977031e-06
0.09474601
-0.048251826
-8.327236e-06
-0.03173844
0.009392981
-6.8719755e-06
0.077706195
-6.5396853e-06
-0.056560703
-1.0377628e-05
-0.109034106
-0.01348729
-1.056822e-05
0.082373075
-7.2398384e-06
0.12759061
-0.022211242
6.445897e-06
0.0122986315
-0.016989524
6.2366416e-06
-0.03183759
6.176728e-06
-0.02373031
6.6166695e-06
-0.007538738
-0.019230122
6.6262614e-06
-0.020295512
6.297435e-06
-0.07261689
0.01003162
-2.393465e-05
0.08960985
-0.05801465
-2.272938e-05
0.004102799
-2.2406446e-05
0.0086082965
-2.5131436e-05
0.11922453
-0.07741153
-2.5216457e-05
-0.009962141
-2.3065233e-05
