6
10
3
3
-0.5163783
-0.46018994
-0.39058658
-0.69699895
-0.4431873
-0.37197047
-0.5786043
-0.4405984
-0.40227753
-0.4244005
-0.43924466
-0.27036387
-0.5723908
-0.37592447
-0.55121744
-0.33163726
-0.5743523
-0.2725154
0.49190637
0.7072656
0.5442556
0.5494597
0.7355879
0.70739526
0.5509652
0.7323872
0.2714576
0.32433224
0.31310216
0.52682734
0.51301724
0.5001973
0.5161513
0.52909386
0.6492333
0.47233838
0.051614556
0.30208698
0.06209751
0.015634999
0.12587562
0.187146
-0.05201
0.10905141
-0.026001742
-0.21625295
0.10541462
0.18147393
-0.22735074
-0.081653334
0.06553537
-0.4738773
-0.2521554
-0.1971082
0.23963308
0.3765842
0.035447646
0.13069566
0.2199945
-0.020098554
0.21464634
0.13475636
-0.047354765
0.1276135
0.2671475
0.4580644
0.12605062
0.19201149
0.25179142
-0.070409134
-0.11663231
0.058697235
-0.4056791
-0.2735614
-0.2483386
-0.41641083
0.011478523
-0.20465702
-0.24718544
-0.12277042
-0.43465862
0.7548476
0.82630706
0.5613654
0.5168842
0.77742934
0.4174588
0.722953
0.669156
0.32369792
-0.03640743
-0.06735594
0.00020768553
0.004841661
-0.03975645
-0.04220257
-0.09780212
0.102811314
0.062889636
-0.4101859
-0.23695493
0.13285962
-0.5250409
-0.2908916
0.108493514
-0.5085833
-0.39059463
-0.113020286
0.11117927
0.6239342
0.2387105
0.072385944
0.54800636
0.5891381
0.26037908
0.28240937
0.4069912
0.12681967
0.2294659
0.31941378
0.049211033
0.120323606
0.47976616
0.08934876
0.10264656
0.32944024
0.0022187391
0.16396184
0.093730316
-0.009954062
0.22487015
-0.016023988
-0.1366363
-0.07422138
-0.1062688
-0.187806
0.34914923
0.7329938
-0.31080046
0.52330613
0.6135307
-0.32359335
0.11027348
0.32204577
0.5447753
0.37563807
0.13839129
0.40762025
0.37568736
0.06367197
0.47300258
0.25846043
0.16125141
-0.18139222
0.111254975
0.42691526
-0.38816795
-0.25018108
0.20078865
-0.60818434
-0.40800425
-0.09182069
-0.23884423
0.22996405
0.4823602
-0.40585274
0.3535191
0.483624
-0.31912485
0.2708934
0.24436302
0.0045663617
0.28969893
0.42952564
-0.043759305
0.4508962
0.24628842
0.016373811
0.20936824
0.33661225
0.09721224
-0.021928472
0.23507228
0.2105747
0.16515161
-0.04741629
0.30614176
0.25083643
0.13788311
-0.033740003
0.27615124
0.14095232
-0.10390639
0.3634184
0.4203719
-0.23513061
0.31836733
0.10108414
-0.096654214
0.1998998
-0.08910853
0.29013795
0.21099202
0.0068810116
0.01870156
-0.028661465
-0.09887397
-0.1823719
-0.20077586
-0.1252845
-0.10929858
0.03253319
-0.041185666
-0.021341527
0.030809388
0.06782241
0.36721924
0.22342388
-0.03220331
0.15952046
0.22844402
-0.029315582
0.11552327
-0.03673436
-0.2927526
0.44891495
0.6325331
0.38599294
0.3744622
0.40207127
0.35032377
-0.054605268
0.15115178
-0.034961656
0.18721132
-0.068491235
-0.19449058
0.11105643
0.024883276
-0.2691301
0.32726073
-0.008679442
-0.22968277
0.12744531
0.5038529
0.7496955
-0.25332606
0.09933054
0.43668607
-0.5169383
-0.37678003
-0.008728797
0.19379923
0.4948711
0.2861435
0.4469682
0.6019273
0.2885155
0.3440316
0.43405467
0.042939425
-0.039737277
0.16471328
-0.10277972
-0.033057764
0.074489415
-0.02083005
-0.22627142
0.039911166
-0.16767459
-0.013337853
-0.21099797
0.0058189277
-0.08735602
0.014770077
-0.047108848
-0.008799757
0.07781467
-0.016913323
0.06697324
0.111905016
0.129833
0.08010391
0.38307512
0.26468033
-0.10128887
0.17664702
0.20519593
0.39008397
0.1540127
0.08135871
0.43747833
0.39946723
0.11350495
0.31386524
0.27649325
-0.1335154
-0.17773621
0.24865618
0.027793152
0.19095628
0.1642949
0.113892406
0.17489237
0.1304179
0.16800971
0.5248047
0.34425214
0.073958114
0.57020944
0.27452758
0.010370492
0.24470468
0.13016081
-0.15197328
0.3685096
0.4594772
0.18873578
0.2291375
0.44481653
0.15282182
-0.14103723
-0.089102246
-0.21324958
0.23773447
-0.17477708
-0.49031368
0.21037851
-0.26289716
-0.57847375
0.10511301
-0.03400415
-0.38430512
0.19772424
0.4110083
0.702405
-0.38444468
0.22579305
0.46167
-0.51946616
-0.26677674
0.04932664
0.2761125
0.4336192
-0.08163841
0.5576101
0.57065666
0.083848074
0.44532663
0.5021703
-0.0080326395
0.29461017
0.34070635
0.027747327
0.31641164
0.3161308
-0.029232413
-0.1475077
0.0069208555
-0.06640692
-0.2860975
-0.050825354
-0.24497187
-0.30658758
-0.1167253
-0.24565838
-0.18364236
-0.17903486
-0.06237116
0.05741115
-0.14824916
0.075340174
-0.18802318
0.1021972
-0.032814886
-0.054629836
0.23938139
0.07019384
0.48128217
0.35903433
0.23018825
0.504856
0.3614432
0.22617261
0.34856287
0.42481357
0.21079086
0.14169712
0.18104571
0.24348547
0.25504512
0.3865529
0.3946182
0.2072315
0.3854034
0.31853753
0.15523957
0.34598726
0.024276933
0.3950893
0.4101503
0.119267575
0.32069573
0.18217319
-0.0725311
0.09965006
0.2624602
-0.052209847
0.1025607
0.38333532
0.128875
-0.007727473
0.11548184
-0.10636319
0.34126267
0.03900494
-0.41467726
0.24066386
-0.009622468
-0.24076192
0.1785786
0.0021321732
-0.26929292
0.14946367
0.4526715
0.6517813
-0.01694482
0.15103726
0.39516535
-0.25111523
-0.1320335
0.10485384
0.06558214
0.3153283
-0.033175096
0.3949637
0.42857
-0.05745431
0.2308907
0.23797321
-0.1934134
0.3230921
0.4364198
0.23877278
0.26188296
0.49019438
0.18012054
0.43233767
0.31840688
0.020055894
0.20933051
0.07540458
0.11026176
0.121549085
0.2822061
0.2342994
0.117435955
0.32802817
0.38734117
-0.15213396
-0.049793944
0.26310512
-0.19268292
0.27701253
0.30372295
-0.17790915
-0.13664892
0.27773988
-0.0116109075
0.20781907
-0.056637462
0.12318393
0.18191114
-0.018969811
0.13929392
0.044862382
0.15224747
-0.15063187
-0.19003712
0.1670711
-0.043975417
-0.07326188
0.17278138
-0.20592086
0.01356887
0.06477218
0.081528775
0.20702817
-0.13717885
0.21858394
0.1367437
-0.09127774
0.012507706
-0.010520846
-0.3858109
0.48908028
0.7554663
0.5457285
0.20592734
0.47890568
0.39895445
-0.06270248
0.3523463
-0.011981521
0.478609
0.16401017
-0.079546005
0.36090648
0.19573343
-0.09153904
0.28897965
0.20931843
-0.04999131
-0.005106341
0.29081598
0.63158494
-0.3696985
-0.16144648
0.31548303
-0.66820073
-0.20098607
-0.10069324
0.09730455
0.57251006
0.35513207
-0.028982896
0.5679154
0.40682805
0.13726315
0.40340203
0.3656095
-0.26658693
0.16975218
0.20259798
-0.116241336
-0.0426354
0.0060785045
-0.22807638
-0.1750938
0.105315655
