10
14
3
3
-0.21005741
-0.10106427
0.13349335
0.15750019
-0.059230383
0.17360479
-0.014497277
-0.15084644
-0.23485793
0.08472552
-0.07510845
0.036661163
-0.094940305
0.024763383
-0.054383416
-0.022694265
-0.0637268
-0.0249558
-0.0587277
0.07983079
0.062419392
0.065675
-0.1885136
0.100477375
-0.12151867
0.06451476
0.04112835
0.030666677
-0.22292802
0.043070626
0.21661016
-0.12322672
-0.028689139
-0.059941776
-0.23049153
-0.03561556
0.50063086
0.38812807
0.20351669
0.5953281
0.34791434
0.2399265
0.3283533
0.00091124413
-0.26921716
0.18103835
-0.016103955
0.017050492
-0.0045004454
-0.07548971
-0.079614505
0.07296425
-0.117389366
-0.027939186
-0.2006032
0.07820252
0.19129013
-0.14979629
-0.028846158
-0.057860624
-0.14207311
0.1688
0.33375862
-0.08044966
0.04624318
0.14624488
-0.011014356
-0.03815397
-0.15496187
0.15314397
0.013321158
-0.19144264
0.16435081
-0.14758556
-0.42551836
0.33388352
0.112880066
-0.23252918
0.10462338
0.011617608
-0.38676453
0.031132184
0.13109192
0.20101741
-0.20154855
-0.28141052
-0.12534155
-0.03752578
-0.31901425
0.05543432
-0.29402494
-0.23236726
0.46130016
-0.4116649
0.07269959
0.61464304
-0.32420582
0.17694119
0.39322388
0.14531438
0.055688985
0.13480604
0.09928015
0.1264292
0.31679994
0.2884671
0.409357
0.36972016
0.4176853
0.053481407
-0.08668614
0.0014592335
-0.1859162
-0.0813498
0.31536615
-0.19419526
0.08258639
-0.29297853
0.099115774
0.15569688
-0.19781417
-0.10408993
0.21349539
-0.16392656
0.10055275
0.35999095
-0.39598033
-0.1992726
0.13153079
-0.14567094
0.032889534
-0.08216563
0.10213915
0.15193246
0.07415707
-0.029264227
-0.117637396
-0.066257626
-0.040053885
0.010658477
-0.005816784
-0.060012493
0.07144507
-0.13978693
0.065163665
-0.06960649
0.11111875
0.048798125
-0.016700996
0.16969092
0.0931813
-0.12723863
0.004889522
-0.058897216
-0.068646684
0.21958086
0.13501848
-0.002729852
-0.12131807
0.07599559
0.13747269
0.23472807
-0.091766916
0.15721157
0.020384634
0.10302145
0.19049191
-0.122301
-0.043489434
-0.11339511
0.10006942
-0.1526161
0.11403713
0.07876317
0.026168872
-0.064583346
-0.015679285
0.024106616
0.025277425
0.03694286
-0.059579898
0.06262531
-0.016368778
-0.4423702
-0.30751273
-0.21721402
-0.3855564
-0.4873421
-0.29604775
-0.31494147
0.121561736
0.1779453
-0.07177236
-0.025291484
-0.22753179
0.14822203
0.03806293
-0.18151224
-0.19187212
-0.52973074
-0.18312296
-0.08273243
-0.47602072
-0.16510577
-0.15765904
-0.08031096
-0.23438074
0.19379717
0.10325553
-0.17934579
0.07950107
-0.23354821
0.13475145
0.025651546
-0.29871452
0.115057625
-0.24435991
-0.58222437
0.20000061
-0.44134846
-0.26855865
0.01683221
-0.30614516
-0.07323702
0.09899123
0.20911373
-0.21047781
-0.07240361
-0.30261487
-0.15582119
-0.0014934288
-0.1543978
-0.22628164
0.07978481
-0.104925744
0.06633216
-0.4702594
-0.28291053
0.12712911
-0.5956565
-0.5648118
-0.16234502
-0.2047866
-0.030399892
-0.55901736
-0.2239286
-0.46879014
-0.041744903
-0.19816552
-0.33158627
0.066871986
0.1325224
-0.16389422
-0.020503446
-0.10385161
-0.053810377
0.2619956
-0.08010492
0.123313144
0.22712597
0.06410335
-0.03806615
0.05577147
0.00013218088
0.07065989
-0.113818586
-0.011444758
-0.052221112
-0.1150157
-0.0979336
0.04082235
-0.068201974
-0.13981831
0.05733953
0.020361545
-0.08087649
-0.15627016
-0.044517703
0.015533661
-0.19851018
0.13594216
-0.014514529
0.04585234
0.20099777
-0.18904783
-0.058461577
0.2972524
-0.045459777
-0.1834121
0.07989947
-0.013109266
-0.061383765
-0.0708253
0.05174542
-0.07138297
-0.16498631
-0.03510681
-0.11285251
-0.03554322
-0.1052731
0.0035567132
-0.15577838
0.09740275
-0.027991723
-0.08365729
-0.13815033
0.0465417
0.17740554
0.1928675
-0.0066390554
-0.08777809
-0.096513905
-0.005922688
0.075679585
-0.13776611
-0.03929384
0.1822515
0.16092797
-0.13312684
0.14241856
0.07307449
0.032735057
0.015355829
-0.14564916
-0.092555955
-0.11659179
-0.003968969
-0.009765349
-0.1478942
0.25813934
-0.18707843
0.21447566
0.3415221
-0.21711567
0.21859863
0.07627605
-0.11219285
0.14708696
-0.07739201
-0.0003730795
-0.05277642
0.0015988054
0.035484724
0.065521404
-0.07706461
0.08604174
0.107916005
-0.16111885
0.17765997
0.015104794
0.18946484
0.07602919
0.041400973
0.001476768
-0.26518118
-0.09302654
0.023306023
0.14936253
-0.17992885
0.09239882
0.18329863
0.101525106
0.04343927
0.06476344
0.18547407
0.05397139
-0.1116555
-0.054469787
0.08614961
0.18388079
0.1359073
-0.18383469
-0.12082423
0.06767679
-0.038123023
0.036369435
0.031585183
0.26143122
-0.032073583
-0.11669507
-0.076454796
0.023758372
0.09912705
0.0061736885
0.09847678
0.17554857
0.08552953
-0.12424759
-0.08247047
-0.014577376
0.063443884
-0.016797267
-0.10871089
-0.11577108
-0.023435198
-0.116650544
0.097875185
0.03725504
-0.13901733
0.027653148
-0.06138399
-0.08910224
0.06181788
-0.030067427
-0.08243127
-0.11605381
0.08939213
-0.10880518
0.104420885
0.3057301
-0.058547214
-0.01718967
0.22432217
0.01775875
-0.23253934
-0.13666162
0.012173947
-0.16374943
0.051176313
-0.02334325
-0.13754591
-0.12668961
-0.016782567
0.058820877
0.10146508
-0.023353765
0.033176456
-0.09140467
-0.09147537
0.05255674
0.06913317
0.100178
0.20278656
0.13033473
0.14942247
0.038870197
-0.214826
-0.14904885
0.030382955
-0.12739725
-0.0559001
-0.021829672
-0.04390025
0.08441501
-0.05928618
0.025451211
-0.10373318
0.1950562
-0.015688285
-0.045110077
-0.04679641
-0.24154028
0.009180955
-0.14818749
0.17609355
0.39822307
0.020162815
0.13515532
0.37547433
0.13943484
0.1982694
0.06284502
0.18067124
0.022764288
-0.103014685
0.3880827
-0.032813136
0.16151479
0.26092353
-0.056729585
-0.20478833
0.25387457
0.18965329
-0.20203276
0.22423148
0.37434566
-0.04814428
-0.018764805
-0.1337358
0.06487383
-0.14920607
-0.13280933
-0.024865117
-0.11872926
-0.09882639
0.004740338
-0.12897259
0.03538927
-0.15887983
-0.09642442
0.1736524
-0.009512912
-0.32722136
-0.008060864
-0.0017563844
0.13316008
0.07491968
-0.07181043
-0.09488045
-0.0553156
0.11078503
0.027408103
0.086621344
0.17359306
-0.22068553
-0.17318483
-0.014224575
-0.15356675
-0.1034889
-0.062195167
0.18273903
0.2195762
-0.05900506
-0.072268344
0.043045294
-3.47971e-05
-0.020268252
-0.20457663
-0.0034916461
0.03138891
0.10388481
0.05762454
-0.09225334
0.111602485
0.010166404
-0.07843553
-0.17640361
-0.13885505
0.088180214
0.061128017
0.07207361
-0.22763625
0.11347196
-0.07835173
0.07671379
0.03240971
0.0028222767
0.19541565
0.10423927
-0.058493916
-0.13003998
-0.16874558
0.16650215
-0.12112576
-0.040921386
0.044960823
0.06981075
0.033072144
-0.0060500177
-0.06548011
-0.019418556
0.02378502
-0.15965444
-0.045456186
-0.093341924
0.12023567
-0.022075113
-0.106262095
0.017196717
0.1804027
0.05619843
0.0740079
-0.048120264
-0.12295029
0.06036841
-0.1764443
-0.26792935
-0.19832641
0.06519234
0.13655232
-0.11961729
-0.014264859
0.006883428
0.24642813
0.051197164
-0.064890094
-0.12873842
-0.060288876
-0.21845302
-0.0030024722
0.010707464
-0.043902434
-0.109338894
0.035530526
0.2151601
-0.5558744
0.0065711495
-0.20197286
-0.31324664
0.072346486
-0.14087628
-0.02586417
-0.009947056
-0.17408562
0.12573884
-0.08143598
-0.3108637
-0.22934476
-0.3231507
-0.26073536
-0.1330297
-0.07800031
0.20422147
0.006078735
0.26795876
-0.08178511
-0.08930719
-0.1911055
-0.092088036
-0.22094719
-0.2671696
0.16793275
-0.02400886
0.20508848
0.05227679
0.08169964
-0.086793445
0.030890772
-0.059007693
-0.03799124
0.21679969
0.07640015
-0.0040562088
-0.34678215
-0.09608311
-0.038884424
-0.20999497
-0.12317951
-0.026588572
-0.025582505
-0.09574511
-0.20315005
0.14796731
-0.17964959
0.07559807
-0.040233
0.23099215
0.23215602
0.110999644
-0.093717024
0.054472703
0.03245968
0.11007255
-0.16605169
0.05112047
0.14251402
-0.14224805
0.12666981
0.0038106714
-0.0563904
0.008270196
0.012182058
-0.029977063
0.07090222
0.024922878
0.037542544
-0.04916902
-0.15349466
0.014365721
-0.13510995
-0.09594878
0.20245433
0.01230322
0.101262435
0.026983645
0.07437827
0.11626816
0.24229342
-0.013445791
0.10913014
0.15856038
-0.04905395
-0.11471725
0.022115957
-0.07466968
-0.061726786
0.0010204561
0.023830174
-0.16244783
-0.06406326
-0.008304248
0.18202671
-0.02889651
-0.02681006
0.069401436
0.41596118
0.23877554
0.07657808
-0.031580288
0.009113201
-0.083531216
-0.18054914
-0.12675679
-0.21757382
0.20091958
0.05811322
-0.061945193
-0.079382926
-0.17357644
0.15967004
0.014000725
-0.19291584
0.06240091
0.047316674
0.047012296
0.16702701
-0.10687956
-0.05099246
0.14720131
0.3010145
-0.011276682
-0.2882445
0.25554433
0.13021474
-0.022755237
0.17465653
-0.005541133
0.057234146
-0.106831804
0.056208618
-0.05667399
-0.14998056
0.05642157
-0.06893746
-0.09244954
-0.038233172
-0.020746596
0.18215898
0.13680232
0.22724357
0.17311828
-0.092839696
0.16532299
-0.017470641
-0.06278635
-0.062224586
-0.046181817
-0.0032148699
0.0823092
0.266531
-0.078850344
0.05235227
-0.034115482
-0.14797294
-0.13074055
-0.1726888
0.20519032
0.17985651
0.26220092
-0.18372717
0.11107645
0.17619322
-0.17307633
-0.026760709
0.03076074
0.167026
0.17530127
-0.42326856
0.059859462
-0.017131897
-0.28021726
-0.041846786
-0.26641005
-0.32923192
-0.016060324
0.17479786
0.003690758
0.1819062
-0.031263907
-0.007912536
-0.046121445
-0.11580522
-0.055840082
-0.13564755
0.009576681
0.114839636
-0.12321974
-0.024272492
-0.07459487
0.017585257
0.024049798
0.073380224
0.0008464684
-0.6473642
-0.18068813
-0.13243051
-0.49942094
-0.0296037
0.045736138
-0.37411842
-0.12149376
-0.10131972
0.08891414
-0.2903101
0.27336258
0.07773295
-0.109866776
0.03415533
0.036275227
-0.09669361
-0.10413072
-0.1112558
0.027566623
0.14703792
-0.13422713
-0.13699143
-0.09175734
0.044515744
0.07763611
0.11108869
-0.025639039
0.05895638
-0.040950786
0.12632792
0.21161757
-0.10958297
0.13132556
0.26348042
0.15829791
-0.13055253
-0.29980338
0.17814517
0.083353184
0.09781671
0.016416466
0.22942786
0.023986429
0.015704993
0.008015031
0.29732645
-0.350051
0.07277155
0.22034582
-0.16827044
-0.1739777
-0.22887605
0.2954543
-1.0709898
0.052079167
0.14723627
-0.843244
-0.05357846
-0.08522079
-0.408664
0.24590003
-0.5370608
0.1777023
0.45440683
-0.16012123
0.09669551
0.40314212
0.15704674
0.08253222
0.18085311
0.4540756
-0.23087196
0.4201983
0.16093042
0.09924879
0.08615991
-0.11256994
0.15803216
-0.111137606
-0.109016165
-0.122411005
-0.075316966
0.58953744
0.10778684
-0.07365582
0.689779
0.40819377
-0.6730284
0.3792136
-0.072266914
0.6342856
-0.0040246947
-0.20077889
0.45112157
0.39027244
0.1381531
0.1644933
0.22521791
0.14549
0.2602897
0.11900725
-0.6895592
-0.67224187
-0.24958497
0.3601447
0.007798285
-0.1522692
-0.04112956
-0.09988704
-0.0057995715
-0.06543483
0.12060106
0.031086115
-0.053696167
-0.020388557
0.16339299
-0.16568722
0.048049074
0.0032417134
-0.012526068
-0.014083666
-0.07952922
-0.13807921
0.01631478
-0.047283
-0.14653589
-0.11628843
0.49464777
-0.13485485
-0.5297143
-0.29597908
0.45657015
0.13052544
0.15926962
-0.26586768
-0.01758153
-0.14775026
-0.22159933
-0.0047754454
-0.083351545
-0.057692274
0.17842752
0.22154163
-0.002562442
-0.1799219
-0.0351497
0.043464374
-0.08652219
-0.08364541
-0.018230809
-0.02276245
-0.07116713
0.021710511
0.49344453
0.052233785
-0.12929818
0.14700739
0.21731052
-0.46529302
-0.49626914
-0.16297048
0.2699949
0.6583386
0.3771168
-0.16797023
0.2940738
0.36896795
0.08556239
-0.080056444
-0.06049162
0.1206792
0.038389284
0.41444468
-0.7747031
-0.7836543
-0.17402071
0.05085193
0.06381351
-0.017644368
0.34621605
-0.17235324
-0.100959085
0.14340876
0.045479998
0.012869281
0.028421197
-0.44569677
0.35097602
0.17718178
-0.11462958
0.5169128
-0.21038873
-0.69397986
-0.3084647
-0.08701102
-0.03494682
-0.28773782
0.29697916
0.2505376
0.12367805
-0.19411667
-0.006672711
-0.15989769
-0.5314282
-0.22432753
-0.15737148
-0.38937858
0.16068882
-0.18710425
-0.10247981
0.047532756
-0.84032375
-0.5900651
0.1830005
-0.41258588
-0.3178725
-0.70388573
0.32487196
-0.30117995
-0.53793806
-0.19217902
-0.7304847
-0.41097707
-0.046108462
-0.36267442
-0.066103816
-0.06889781
-0.009726706
0.24511705
-0.034856696
0.04512244
0.32831308
0.047883373
-0.18059985
0.05607122
0.097124346
-0.15445441
-0.005341037
-0.02387423
-0.079661265
-0.041385002
-0.16862932
-0.035476606
0.06761185
0.018726237
-0.0851256
-0.03714348
-0.11982409
-0.054475795
-0.049337137
-0.081335865
-0.23770224
0.07316785
-0.12344953
-0.05868919
0.19192152
-0.036653496
0.023151418
0.13214242
0.11975281
0.019157935
0.074174285
-0.05261034
0.12856336
0.10462756
0.018807052
0.09723779
-0.017414639
-0.096950136
-0.12813704
-0.06351743
0.026193159
0.0030664885
0.12627612
-0.0052192723
-0.12946633
-0.061196547
0.023636393
-0.018125655
-0.013521333
0.2677375
-0.13672745
-0.11840966
-0.03129023
-0.040534914
0.022533055
-0.25154367
-0.21512736
0.107417285
0.016902452
-0.18445036
-0.04647394
-0.035294652
0.118181415
0.061182193
-0.15823258
0.024694419
-0.13886921
-0.20067032
-0.106185086
-0.24791005
0.009832994
0.08935489
0.11531115
0.0809562
-0.19672015
0.33633476
-0.20963058
-0.21165575
0.17064644
-0.019876055
0.118121386
0.009480249
0.14760117
-0.08387733
-0.2425531
-0.03319958
-0.0693194
-0.2581468
0.11220458
-0.06127124
0.079128645
0.2625003
0.032685257
0.15870917
0.02594299
-0.041096736
-0.13243562
-0.01747002
0.018928887
0.044288166
0.24030097
0.12614001
0.2870158
-0.21216823
0.10090807
-0.13625577
-0.26102683
-0.2023612
0.03961961
0.012572172
0.008556393
-0.012182515
-0.18677261
-0.10292485
0.08735162
-0.08386674
-0.076634735
0.121838465
0.052170042
-0.042443626
0.10835828
0.07936194
-0.121113315
-0.034268055
0.06910547
-0.028005164
0.2892089
0.070180275
-0.10373093
-0.02163454
-0.02882415
-0.05097458
0.029457696
-0.13749191
0.039637905
-0.028809045
0.04924977
-0.12969899
0.014687652
0.12781198
0.03858079
0.1019267
-0.094879754
-0.027531166
-0.07305779
-0.07810018
-0.1973668
-0.00016229604
-0.10585765
-0.0413222
0.2588837
-0.19328709
0.034280844
0.3351782
0.0024535672
-0.1330945
-0.02364809
-0.025548266
-0.23772566
-0.14213945
0.04791823
-0.05203338
0.11916841
0.024728954
0.16764632
-0.047307268
-0.041390836
0.0147861475
0.1044152
0.14521816
-0.04728916
0.13938208
-0.03714372
0.1145523
0.23761886
0.067031495
0.024716364
-0.012807395
-0.14553973
0.021666687
0.023017056
-0.31451866
-0.17881353
0.2796874
0.07596964
-0.07053544
-0.06553247
0.10291465
0.016371876
0.172879
-0.19141322
0.068958536
-0.038108066
0.08060058
-0.1091235
-0.23651157
0.2471515
-0.11732015
0.19518763
0.37766138
-0.15625365
0.083115235
0.05311401
-0.057744082
0.24671793
-0.10320988
0.3375054
0.20137237
-0.01960222
0.33856812
0.05116065
-0.108047694
0.19587877
0.0450134
-0.19960356
0.12958077
0.06388749
-0.032681238
0.17450267
-0.045714825
-0.08462743
-0.04412344
-0.19822088
-0.022404267
-0.21395917
0.0104826065
0.081160076
0.07658142
0.35624608
-0.1174979
-0.27119094
0.089322194
0.053987652
-0.42176372
0.13926773
0.23285682
0.08519579
0.29583767
-0.06490498
-0.13623857
0.013553377
-0.13574626
0.010980109
-0.011974353
0.020436583
