60
-0.059016224
0.50858694
0.4770473
0.28556597
-0.49279392
0.82001597
0.46072304
-0.112289555
-0.39774218
-0.6178006
0.44990495
-0.09083926
-0.040172793
0.11016436
0.19987649
-0.041033845
-0.77168995
0.35489553
0.4063829
-0.38619503
-0.1883538
0.08782144
-0.24624144
0.24639915
0.039325953
0.5279752
-0.13224047
0.68183225
0.14066698
-0.042846076
0.59580547
-0.035873093
0.22758068
0.34233633
-0.41114601
1.0047796
-0.4908406
-0.5230333
0.43715298
-0.868499
-0.23458804
0.04134585
0.23320058
-0.3127704
0.01888575
0.645704
-0.3038468
-0.6102176
0.7918384
1.0951598
0.9757674
0.419412
-0.06791343
0.14515793
0.23927264
0.27123028
-0.18697901
-0.5106983
-0.1957853
-0.33797458
